# Created by Octave 3.2.4, Sun Oct 28 00:59:55 2012 IST <mohit@mohit-N4050>
# name: s13
# type: matrix
# rows: 1000
# columns: 1
 13.4145835425908
 14.6362762828377
 17.6133871675129
 15.55881874185371
 9.012763119516155
 18.09698673034065
 12.8751508851615
 16.30948481173846
 16.36278731851652
 14.54542892248493
 15.68160274832551
 14.59259055556142
 19.45680977879648
 14.59441330245085
 16.39207273010673
 8.556496530643606
 14.72776982234514
 16.24363690111772
 15.42471815943737
 13.04757792037941
 15.72981893718918
 18.00361987679964
 8.11545223873437
 10.53420926587673
 12.9527280170406
 11.50625489666476
 18.85854702992208
 17.28405582146168
 14.32141181049082
 10.05645229306781
 17.97481504070812
 16.22263697246747
 17.3086739004571
 13.16878557261035
 22.39172858396043
 13.71038261909915
 13.35987783557697
 11.6646215583231
 9.56867115431287
 18.63736169296335
 12.08743425604909
 10.07071609025359
 21.61474102789736
 13.54638198658024
 18.07978996617448
 16.11879262397815
 12.85150151150094
 12.56281163464004
 9.219200820841291
 15.87496001524229
 12.74563338196828
 8.613793497806224
 24.23500531060325
 17.01861973679879
 13.80319263712786
 23.47131354861622
 15.44091063548559
 11.62752918507478
 19.78645532265654
 14.52603862903746
 12.3535511108899
 15.11956919778911
 18.68376364346663
 9.046924349130181
 16.27176602700679
 11.39802146990555
 17.81055558177307
 18.07042692800844
 17.10831797696846
 15.44693913263116
 19.60825288147688
 14.97687037052322
 15.59934934115635
 15.69861383713754
 11.49201807184951
 11.96629773859494
 14.90257645301644
 12.14184168921397
 11.90549668675456
 13.80217184534897
 15.89970912003076
 19.83523676038505
 15.85916049690909
 11.29511645381575
 15.54905941543513
 18.37746723088431
 12.5513318907013
 18.29854992068222
 16.38824701414586
 8.514354559800619
 11.49125056697432
 15.33719432825789
 12.29953330761626
 16.04646090642753
 17.26497857908709
 15.92434213640847
 13.81811778178325
 12.62142502718198
 13.6211332825592
 20.81751697004902
 14.23362759313229
 17.44673672999739
 14.28881368257444
 11.64986315256257
 14.17904679519819
 12.5695125051843
 20.40495815469921
 12.25511396911059
 12.65568411376207
 17.03137478882258
 15.21607762035379
 14.95742571824933
 15.54210747652702
 15.71002414991578
 11.83347397481268
 18.44543292234338
 13.48513606274655
 10.10168566795162
 17.0645510764258
 16.86414398072834
 11.80624429955284
 12.88272331251116
 14.20797134054125
 8.938640456329825
 12.51921639463722
 19.72726176198733
 12.27400274989197
 12.08242148188696
 17.53775479763079
 16.79115977626704
 14.00651174612744
 13.21314587814174
 16.19996466236847
 15.21316702290567
 19.03630755229813
 15.54968131976601
 14.78456765101264
 14.61215997270944
 10.31025150454998
 12.35832574928727
 12.18052912189034
 16.22437327193723
 12.25267532104145
 8.909252457860919
 19.77305026397592
 18.01855819687485
 13.75934734845242
 13.36226201226432
 13.90679390253266
 14.88054794217836
 18.86462650855355
 15.72083723616633
 16.65013811003286
 10.15606238178426
 9.464487737142607
 14.16803579891245
 10.81671844357192
 15.77308786421395
 13.55890489776269
 17.52559574544397
 16.04543737250869
 18.43632337798733
 19.81039836261759
 15.21817758884585
 13.57826519492991
 17.71820837975456
 13.45451201791879
 16.33299645326615
 18.0461340813617
 9.664844704871516
 16.41367947598671
 17.2111508460537
 14.41043622661173
 11.14935459965418
 16.1774257325968
 12.70911145843165
 17.53077589048906
 25.30201219189881
 10.29211742827395
 13.0016707872655
 14.01223455738545
 13.25803297812325
 10.72918997369505
 9.260939357109359
 16.89697359432693
 9.390049660589387
 14.63559169162725
 12.3569147221115
 15.98295887324284
 11.14433839887973
 15.07175319742415
 13.3797462634615
 11.53840585720462
 18.04736479662689
 15.85842002069289
 20.6602243610416
 16.44951111900082
 19.73148288068554
 21.79984596994982
 13.1527351455414
 13.82677131302592
 14.88262824819566
 15.69738830099545
 19.00270998393542
 13.75994783258922
 16.6287492754611
 14.26620056993756
 18.47308981283917
 13.93239644766646
 13.24839943703386
 15.81057753160951
 14.83160720339749
 17.56273238532954
 14.54237738650956
 12.07297752273333
 14.45787602512103
 16.35865603989094
 10.75097314193713
 12.19157953881428
 12.91770260113663
 23.50978109684092
 16.27016898050762
 11.25339614018534
 13.57069057019384
 20.53388770951555
 11.20790064778101
 15.64017186425177
 21.04113143735028
 21.15083508325032
 16.95505761612389
 17.46893720252475
 11.75606621086946
 13.73685515933579
 13.16943898741722
 16.32822200523821
 16.32144355181457
 13.33025831675777
 18.9780018145506
 17.26712538193189
 14.91293848581293
 12.04328198026049
 11.11027169618809
 13.61951227035807
 16.30327184177447
 20.0035451817713
 15.39743234344129
 12.46588709337689
 17.82679302860023
 16.76482858444927
 12.67866063430996
 17.2140257687967
 17.3500191203434
 15.77091932078066
 10.04964095335632
 18.42086611799613
 13.55677731744176
 16.02785628491367
 10.58489900479207
 19.01888320636942
 17.78983567745683
 16.19084709869703
 17.97437455292562
 22.10526624282155
 14.15025103258115
 18.89399535539198
 10.99369536485337
 8.803902179698859
 14.92197475780606
 11.06145721626421
 19.98834465226815
 13.50324201803521
 17.21968478904256
 12.78978169832093
 14.15745479474187
 13.17782158389868
 15.85590875169237
 14.54459353947284
 15.17214896554131
 11.83263748883658
 15.543659844297
 15.85083928781979
 15.9563879603141
 17.43305315995632
 22.52749176271181
 15.77579370834919
 17.93671924440743
 15.05397955515233
 15.80230137237035
 17.26511853709406
 15.53126651535907
 14.22552535927598
 17.34975896239177
 16.29477555693823
 14.54549108051502
 15.37671530003224
 11.01710678528359
 19.71876329050414
 15.64911658900166
 12.23968848093853
 14.0185807540617
 19.35050688438552
 20.62616158939099
 14.04102457631639
 11.19233504077436
 6.494839632670196
 13.98914338066028
 17.8810351289344
 11.05960764777699
 13.26803035850743
 15.11186683341781
 8.854338633273624
 12.72346332573445
 11.60496567214443
 16.44150412443588
 16.02899710313884
 13.87690694217166
 15.40279744445785
 9.958459621242522
 21.91107682435573
 18.1803749220745
 17.52241747402945
 21.14164121483404
 9.75638886043464
 16.13659807563709
 13.70240805140999
 14.39332284009848
 11.31639196192313
 16.92378683066062
 12.5580512425585
 18.3504323830099
 9.113177250116273
 9.717642514645371
 15.4950413529879
 13.08801220127572
 13.53133759389955
 13.02426657931415
 12.77197871241281
 15.95715066437775
 15.66062332028459
 13.40123446548149
 12.92964349017537
 14.53592680513056
 14.11584836376987
 17.90850094250204
 14.39522730498624
 8.469846465448569
 13.10772721374629
 13.19634582097611
 15.62724587894939
 14.3903204309835
 8.811449351470824
 16.72521226404268
 10.02204768299374
 11.12654249659615
 14.95392514077622
 18.60787571547246
 9.254096037588615
 20.2326324452239
 9.731443398300005
 18.73305690668483
 13.37685668238516
 10.81204854710614
 16.73164023357392
 12.60687151880275
 15.30662081699325
 13.08935884398389
 12.9085827741365
 21.34834327925181
 16.13958619164809
 16.25407575209322
 17.67423589327492
 9.454397701884051
 16.56721691214269
 18.54592704842929
 10.1350318705554
 15.40332568826235
 6.691199924819097
 22.71592637733146
 13.38303037918871
 16.82631898578241
 17.21920759519367
 16.47864184856457
 15.16018642157502
 14.62584658291277
 19.27796142943108
 17.94786440315834
 18.72797107192482
 11.30569471677396
 10.5224235291832
 12.33531099936605
 14.63358484773332
 13.2464023561105
 12.45646888922217
 16.27025988352354
 13.63291069880006
 18.30886660493017
 14.0471688014813
 8.914882925263161
 10.43290614652273
 14.96707374632766
 15.57514162023889
 14.73202358613678
 11.99524022591751
 9.387540633017394
 17.66490492823938
 12.34623760491259
 15.67701054890218
 19.81560368956017
 15.84213496938871
 17.59243569319546
 12.18248130595595
 14.75709904570127
 18.19459352924476
 9.83382968409493
 12.7362465038558
 16.37023329418446
 12.49758431199785
 15.69855191392718
 11.22542985665891
 12.37880270985735
 19.49657280274547
 14.53870489490279
 22.04307105472591
 11.89376999216254
 9.546560704273727
 18.02168500551748
 15.49889784631972
 18.43047515867183
 13.71828185888566
 19.07142418179065
 15.46515354361175
 17.6425417476781
 15.10000425461832
 16.41598754750574
 12.20608280476663
 15.3664656127027
 12.42799862259885
 14.49318174279567
 18.54530242524507
 21.71898438822802
 19.79781560390722
 22.13353174676325
 21.8383541009717
 20.42056249624503
 13.17135427649276
 15.12950121789011
 16.55878123712059
 17.54799195848575
 15.1268262457303
 18.54290518566924
 16.55714626654523
 17.10319298800516
 13.83722264869226
 13.64703872935169
 18.56851440509681
 11.96211401284637
 13.72862801687168
 19.25848475895938
 20.10407578335848
 10.72788796588321
 21.50796892338519
 19.58697582777349
 15.03975589338666
 19.60624946173645
 12.04174298806165
 20.32817145432502
 16.08203351214766
 15.48557920089664
 13.62931670151526
 12.92543392533878
 20.23743217359067
 16.99933091953239
 9.496020451568061
 12.5899551535321
 16.44670163547242
 14.96079763641961
 16.42245935582035
 13.9007500721112
 20.6048763185573
 15.13326378137559
 16.47693022746167
 17.2941457318733
 14.77050604359902
 16.05270867480488
 14.94366251817867
 18.38952539708039
 17.63739344528375
 14.44597026540983
 13.09192565813009
 13.42807478545917
 16.83480906559763
 10.56849702822413
 10.8355529795183
 19.30951253472166
 15.32112442152573
 16.51564799838786
 13.51637885113638
 13.02049287855708
 10.87066471319108
 13.08905205926215
 13.56978263059443
 10.71408079690662
 15.64269392841074
 13.41456325153053
 10.51799030380133
 14.65443267972213
 8.40368356970853
 11.0392039311081
 9.369147680005199
 19.12796129011818
 12.85888932367361
 15.47536368301948
 15.43989979016838
 15.15841840393049
 17.82428514793311
 19.74391126518944
 15.82618466262895
 12.90469498376491
 17.49756200836475
 15.85023351735419
 9.382455735168286
 10.06552727961616
 13.54737119062908
 14.28093092704549
 12.41603555334407
 20.52378894920145
 11.75915464157495
 12.33510487939123
 18.66484379561832
 20.90848844525021
 12.74289100019184
 19.42436023391812
 15.13561681183248
 10.60990359512794
 13.75920978859129
 14.36622253862298
 17.88403765942198
 15.78863695630555
 14.1928657378873
 17.84899406091023
 20.59642473052638
 16.91656894118229
 13.88615063225258
 19.63541857594615
 20.75910155220911
 20.72858885328759
 8.44601867030241
 20.07034694050953
 18.75916653332265
 15.75806322001257
 15.09213804143881
 15.83901215925482
 15.61539125685881
 13.50834424269437
 17.39757542777647
 12.29936185535202
 18.90056020762716
 18.58113355801296
 13.31628228507865
 11.81517567616413
 21.76208860305826
 16.21081830957315
 20.08223518907396
 14.32760504960761
 9.29198550894839
 7.310689263936001
 12.58078849648451
 15.28397278255821
 14.25264491595324
 16.49184122160343
 15.38361644964895
 14.33301001434696
 13.19889490920131
 16.55168960327957
 19.88740722173551
 16.59938912710119
 5.866913979322936
 12.0419392996796
 10.93962322009295
 14.24167014429012
 13.64814058800766
 7.234998079750022
 11.93378494444117
 14.22073044955104
 12.6729255127559
 16.01614199339774
 17.40579225595612
 10.66981441503319
 16.17096783340235
 14.41979716275378
 15.91678180011622
 16.99027922162944
 15.66089380025922
 16.61045058649642
 14.17791951586211
 20.9039679024271
 10.80928042220695
 12.96873182015846
 15.82910137465587
 11.4827561936995
 19.62115895709111
 16.79819270627753
 14.1129673610906
 20.05322426883394
 20.73230188895212
 12.23324530775595
 16.6311454902324
 16.02996184407638
 15.34536942428762
 13.51998977229547
 18.74634763050694
 15.22410067405628
 14.66954870322286
 11.77020764881109
 11.07952171577482
 17.47867290212087
 16.3945322506047
 16.51382570152349
 15.4805082009784
 11.45807730146061
 15.26878921152607
 14.7752368520117
 7.799641164091916
 19.1776977988561
 17.94182047844577
 11.60614075661676
 14.37390212811362
 17.13206593205804
 16.99409339062995
 12.42962594283251
 16.54166240358839
 13.6297426533116
 8.518724797583117
 9.107609548208845
 12.91417117425755
 18.0332113559888
 15.02387533871526
 14.38915171848676
 18.51467997139578
 18.63150131231427
 14.66535628664554
 23.70741572815988
 11.73882202339386
 16.51505693763539
 7.316429896428168
 10.78920679373672
 13.38416284511091
 11.43648921823495
 12.38816812894891
 9.776348057200551
 7.581570403615957
 9.568932205214203
 18.67852371215714
 9.815505120729114
 11.7696421616561
 16.42468299502081
 18.67704107837446
 19.49931465480594
 16.85347192881229
 15.11167698906321
 15.17355117888112
 13.40113630173929
 14.69288706156919
 13.57199388702697
 12.44329889852078
 13.16033318587519
 9.751860297152241
 11.23880483514743
 12.19864659380972
 15.04891040894663
 14.76610553530571
 19.87844438121779
 14.33238264617763
 10.10792553770808
 15.74617838053843
 15.06898827314559
 19.62152330047009
 14.88024183808693
 18.65145784881989
 17.20269487858087
 11.77276116494265
 11.78967013853856
 11.34056484570925
 13.20598486352539
 15.85915013499796
 14.85006819622539
 13.5143192169776
 19.04883881688501
 17.31664067448461
 6.715907367999733
 12.70690669607044
 10.65832377446329
 18.03973203950171
 18.83222884667759
 13.53551221115752
 7.395128737556101
 16.51581237727033
 16.28106435453176
 7.848763234903807
 11.21093874334008
 14.54257096668487
 12.46652693855701
 12.56417725863624
 11.14253461989585
 12.4857610387471
 20.19247321957092
 14.37568197668003
 11.33641614763212
 12.03020767769215
 11.87244910221467
 13.64601352714264
 11.47376351411558
 18.15217104094527
 4.583052883378878
 10.3495837660538
 18.11963393517849
 20.77959434215513
 16.25627533787762
 11.43322186453834
 11.22769280110516
 15.08596445653715
 15.96810895573191
 14.46328258994928
 15.93311972868841
 9.159430703800933
 16.43023844352777
 15.32839132114246
 20.08085172145818
 16.44414283402148
 19.72332351077234
 13.5185496691197
 15.16623911742389
 15.35890052732576
 17.96200415098521
 19.787558892589
 12.39082129358199
 12.70701652980534
 12.16523754964033
 12.40343480775612
 15.66197782199893
 18.2842942758824
 21.05069693118216
 13.81843290486766
 13.94708113843495
 12.55144176994688
 16.57211418834715
 17.77767858552735
 17.88134642266679
 14.72852069571799
 15.49521086223845
 17.81261415877236
 14.9197739877908
 13.55257003378584
 17.57202087290764
 15.24086154302653
 15.13050402382887
 12.41102182959111
 22.2160336444785
 14.65549986843653
 15.3419157372927
 12.32750753272273
 15.07792291257019
 14.55011474115497
 11.39861856716967
 9.522631458795066
 18.23500433687952
 14.78890412698117
 14.7652773371738
 19.16628006393502
 12.198168394017
 8.192190088734588
 14.88618342507472
 7.852070339864732
 13.68814833638869
 12.69126616602087
 16.77293690606701
 14.32353409229777
 15.82682591310133
 11.30495595356026
 13.19681136838142
 7.188679820643122
 13.69444499441522
 13.27911630893329
 16.26923893386264
 19.2012021890191
 13.23530705629235
 12.74253963290206
 18.67097966713697
 19.28016470692964
 17.71054004012571
 11.79489563188628
 16.37027222230265
 17.87074612753401
 13.51054738949797
 12.42359278495139
 8.223402300724157
 19.58847699614863
 16.92690717115261
 10.22089991058029
 10.59014623567819
 17.21736889191198
 14.9611458097765
 16.2021114549797
 18.69607991508147
 16.63735974629382
 20.13622764982245
 13.14704391866522
 11.53032760236399
 12.79339680653136
 18.46706941362294
 17.67795320639156
 17.44892631925271
 14.99571873544752
 13.99361448339216
 15.69080668468188
 9.60044561627425
 13.77932298337054
 17.86150078556251
 14.82446767868248
 11.43826267803907
 17.97843370427535
 16.74946789771339
 12.99091860638087
 17.74400568881825
 15.99034314152772
 9.485403632807895
 17.7653144261178
 15.95162319558429
 13.89423578293218
 10.24049480037097
 18.72803877880207
 10.96414512409588
 15.96612958909068
 20.35904225132677
 18.01987164189989
 23.2261276988303
 14.68736233659384
 17.223963567639
 15.05560658426535
 11.75099556762413
 14.9381964258729
 7.999522120715577
 16.2422938065915
 11.81689739242081
 14.73586412161673
 13.5010691844674
 14.14710843647249
 17.13317143711377
 18.14275291786991
 10.99313563472585
 12.98616949456443
 19.34780334529494
 16.00781897751318
 12.55079105624367
 18.42591138666694
 20.78920140399186
 7.724540327174553
 18.88812436625661
 9.51946761429288
 16.1197758490241
 14.78741818923869
 12.24854384982668
 16.73233415874769
 12.1239827950454
 16.11657850636914
 11.64339557620905
 21.51598870862412
 18.70353509949656
 7.061593849556136
 17.4682676429624
 19.37490261113378
 16.10131940032683
 16.07924298081374
 14.30128276455676
 8.860890781775034
 19.55124411391524
 15.79369136276215
 14.00733283460873
 11.60539668757158
 16.18272010170348
 20.94361554081554
 17.00400209448005
 13.15202055097838
 16.98516131772844
 15.63728583148861
 16.11782849306613
 19.53145574789324
 16.75427234162871
 15.26521875505978
 20.02498641576766
 11.95473522576402
 9.500973033706096
 19.90412592776119
 15.87739184429964
 15.68736425391244
 19.51413306045346
 18.89344715079395
 14.82690879545675
 11.79270300717945
 18.22695427871361
 16.13994257863348
 9.714012734260365
 10.21014471771294
 14.6137720907645
 16.40098703086127
 14.69545200616373
 7.925602007054512
 14.48584423506644
 12.12020212979115
 20.46277766381839
 18.35327855831743
 13.92747813197364
 12.38893958277753
 19.38088953504855
 11.35695345669986
 12.85447986966146
 18.26704605561143
 9.650025400222425
 14.54520733711558
 16.04030711989316
 16.22993950620086
 13.35952699636575
 15.44957223138877
 17.76640177538007
 17.24007708896445
 21.05307414418061
 14.03396449831145
 13.8569912319275
 13.2470958809897
 10.06840412554428
 12.1012263541115
 20.89757637034288
 13.19246952208392
 13.26760732665297
 16.11288452231296
 17.03040349121959
 17.36626472269917
 13.40236151423859
 10.60085274666254
 10.22409812953556
 16.40538946511782
 20.61514879946674
 14.14381548295033
 16.71954116824035
 15.7197778053855
 15.0743523311034
 14.92210777855986
 17.13064320590485
 17.91678290951297
 13.28958887521913
 13.92376147178565
 15.87758853622281
 17.67949710269892
 15.27774115645942
 12.59431649774294
 8.849221290175546
 19.48277016164089
 10.89038444716877
 20.04388132186945
 11.76855439566123
 13.77082631734724
 19.14357745037093
 16.19036545777218
 10.33206748503258
 15.34539425378594
 16.39810348225066
 15.18587117294338
 12.33147335795308
 17.14250566111229
 11.68567562960924
 19.72446390649641
 13.67535287856812
 16.96978562421502
 16.79722123322494
 17.03831314560166
 14.22793361429193
 13.97842254985857
 13.81586291525572
 16.69195168895742
 16.36271792127921
 15.30368607628325
 10.53876339128858
 16.6667086247665
 23.44889688095233
 18.0254258756586
 12.84502279074937
 17.68142044936927
 13.34362326317921
 15.61309762854334
 16.3889932713833
 9.057190294377129
 23.1902117601878
 15.48632250229801
 22.5793321639959
 16.84368303823846
 22.8756681200603
 11.56978220706284
 14.06130412581484
 10.44248373334478
 16.95469788933625
