11
14
17
15
11
14
17
10
14
14
9
13
13
18
14
21
11
13
11
12
13
13
16
13
17
18
16
7
9
15
13
15
5
16
21
10
13
14
17
14
12
19
16
11
14
8
13
15
12
14
15
18
16
17
14
19
16
16
17
13
11
12
19
18
16
16
15
11
18
12
13
18
15
17
10
20
16
18
16
10
12
10
18
17
15
16
15
23
15
18
18
14
14
19
21
25
16
13
19
24
18
13
22
16
11
12
12
16
13
18
17
18
8
7
15
10
13
18
16
10
19
20
15
15
16
13
16
13
15
13
23
20
12
15
15
16
13
15
12
12
14
21
18
20
14
17
17
21
17
15
12
17
20
14
15
9
17
12
12
14
15
10
14
18
11
14
19
16
16
11
16
12
20
12
13
14
18
20
14
16
9
14
16
17
15
12
16
17
13
16
15
14
14
16
16
19
20
19
16
13
15
11
14
15
15
25
17
8
18
14
14
16
14
16
15
14
18
20
14
17
11
15
14
17
14
22
17
14
12
13
10
14
14
13
21
11
11
10
18
9
18
9
15
18
10
15
14
21
10
10
16
15
12
12
13
18
14
15
15
14
16
14
13
15
12
14
15
18
22
13
16
14
19
16
16
13
6
12
15
17
19
16
12
13
14
14
10
11
19
14
15
14
13
18
20
19
9
10
14
16
20
20
17
9
8
14
13
17
15
15
11
18
12
10
20
11
13
12
18
9
17
13
17
10
12
14
15
16
7
15
15
10
16
10
18
15
15
20
10
14
13
14
16
20
12
11
15
16
15
19
15
12
15
15
10
17
11
17
14
17
18
12
19
16
17
15
17
14
15
13
19
16
13
13
16
19
23
14
13
14
12
12
21
19
18
12
16
11
15
15
15
12
19
20
12
16
14
12
15
13
18
20
19
11
16
14
16
20
16
17
13
15
14
8
19
11
21
12
22
17
14
8
16
11
18
11
14
9
14
13
8
15
14
12
12
16
12
10
18
15
16
14
11
7
13
18
15
18
17
15
20
22
16
15
15
15
17
18
9
15
22
10
15
14
14
16
8
10
14
13
18
12
8
18
13
13
15
16
16
13
16
15
14
14
14
18
16
14
18
15
17
20
11
18
15
11
18
13
20
13
14
16
17
12
14
21
17
17
16
16
9
16
19
16
16
15
14
16
15
9
12
6
12
19
14
15
11
22
16
14
15
11
14
15
19
18
16
14
16
10
11
12
17
14
16
20
17
13
13
15
12
12
16
14
19
18
12
18
16
13
10
12
14
12
14
15
9
14
16
15
13
17
17
14
19
16
18
9
14
20
11
19
17
14
17
15
18
14
13
14
13
11
11
19
15
17
15
9
15
15
14
17
18
13
15
17
9
13
15
17
13
16
12
15
18
16
13
15
15
10
18
17
17
9
17
10
12
14
17
13
13
15
19
14
18
14
13
15
14
13
9
16
12
21
17
12
19
17
12
12
19
12
17
20
13
17
15
16
13
19
14
13
22
14
16
14
10
19
15
11
22
14
17
19
11
18
15
22
16
13
17
9
16
19
18
11
13
13
12
16
16
16
15
15
12
15
15
11
12
19
13
16
15
11
9
18
21
17
13
18
10
11
12
17
18
19
15
18
20
10
14
14
15
16
9
14
15
12
18
14
15
16
15
10
14
10
10
17
17
16
15
20
19
21
11
19
13
17
14
15
13
16
18
10
15
12
19
13
10
12
18
11
19
16
16
18
18
12
12
16
15
15
16
16
17
12
13
11
8
13
19
13
21
21
17
13
16
16
8
18
18
13
20
12
16
12
11
17
19
8
6
11
18
20
15
20
14
15
19
13
13
18
11
17
24
19
15
17
9
11
14
16
15
14
16
8
17
16
14
20
17
14
12
13
11
24
13
14
19
19
16
14
18
7
17
16
17
14
17
16
16
13
12
14
11
11
18
13
12
11
19
12
13
17
17
15
15
16
17
14
17
13
20
14
17
14
15
12
10
15
19
13
15
14
18
13
14
16
10
15
13
14
14
14
18
21
14
13
18
18
13
12
17
18
10
10
14
14
13
18
14
14
15
15
11
13
16
18
11
11
14
17
12
19
14
15
16
12
15
13
18
15
12
16
14
15
22
12
11
20
14
15
12
14
17
14
17
11
19
12
10
14
16
12
16
14
14
16
17
18
14
14
15
16
16
19
16
20
17
15
10
10
12
16
18
15
14
17
17
14
17
10
18
14
12
20
14
11
16
14
21
16
18
21
10
13
12
17
17
18
