14
20
17
14
16
11
21
23
21
28
17
12
19
18
14
16
19
17
15
16
19
13
11
11
15
16
13
14
12
8
23
8
11
17
13
15
16
12
9
15
13
15
12
19
14
21
17
22
20
14
21
14
12
12
13
13
14
11
15
19
18
15
10
18
14
17
14
12
16
10
21
16
18
17
15
15
23
11
11
22
14
18
16
17
18
20
16
8
17
13
14
10
16
11
11
21
10
16
14
13
12
19
18
16
12
13
11
18
17
17
15
17
16
18
13
16
14
12
19
18
19
16
13
21
15
15
14
15
11
16
13
11
17
14
5
16
12
12
12
13
8
12
17
20
13
15
11
16
16
17
17
16
17
21
16
16
23
23
20
11
14
15
16
11
24
16
20
16
10
14
16
14
15
14
14
15
21
13
13
12
12
17
17
14
17
12
11
19
20
17
14
20
20
14
14
17
13
12
16
15
19
21
21
10
15
17
21
17
14
15
14
10
16
15
15
14
20
19
18
13
17
10
15
16
19
17
12
12
16
10
15
15
15
15
14
13
15
15
16
20
13
15
17
9
14
20
17
16
11
12
14
15
18
16
11
21
14
7
20
9
19
15
23
19
10
11
12
20
13
8
17
11
15
14
6
19
11
12
12
13
14
16
10
17
8
15
15
11
19
15
13
18
14
16
21
10
13
19
17
18
13
21
13
15
12
18
13
14
17
14
15
18
17
14
11
14
13
14
10
11
18
14
17
10
20
14
14
14
16
17
15
21
18
13
14
15
14
17
18
11
16
18
15
17
10
16
8
12
17
13
13
10
9
11
17
14
16
14
14
17
15
20
9
17
10
13
16
13
15
14
14
13
9
10
14
13
12
18
12
16
8
14
19
13
18
10
16
14
20
12
15
19
13
21
13
10
16
9
18
16
16
20
13
13
14
16
15
15
17
14
12
14
20
14
15
13
12
7
12
15
13
16
19
19
19
17
10
14
18
16
13
12
14
14
16
21
8
21
12
14
15
14
15
16
13
12
9
17
17
14
16
15
19
9
10
13
15
17
16
14
14
16
15
10
11
15
12
16
15
9
10
15
10
11
12
20
13
12
19
17
7
14
18
10
16
18
8
15
15
14
18
10
14
11
20
21
13
19
20
14
7
11
13
10
23
25
13
14
16
17
9
12
12
16
14
12
11
12
11
8
18
14
7
11
19
13
18
22
20
17
25
13
16
9
12
18
9
15
11
23
13
8
15
9
16
8
14
17
10
13
15
20
16
15
13
13
15
12
17
19
18
14
15
17
13
16
17
17
16
5
17
22
13
17
13
20
10
18
23
11
18
16
14
18
12
12
14
17
12
14
15
12
10
21
14
18
16
17
15
15
20
16
13
23
17
13
9
15
14
15
14
12
8
10
19
19
18
14
13
14
21
7
10
16
7
30
10
19
12
11
13
13
17
22
17
21
15
17
10
16
15
10
7
7
20
14
23
12
18
12
14
14
19
15
19
16
14
13
12
13
13
11
18
18
13
13
14
13
19
14
15
15
14
9
13
10
12
16
16
10
15
18
15
15
12
21
11
16
10
16
19
18
17
8
15
13
13
13
9
13
9
17
16
17
21
18
15
17
13
17
13
13
16
16
15
14
15
22
11
22
15
15
18
12
11
18
12
20
8
15
18
20
18
14
14
7
11
22
24
10
18
14
16
11
12
19
19
13
7
23
15
11
24
12
13
10
12
12
9
23
16
15
9
16
11
14
15
23
9
13
23
6
10
19
9
12
11
17
18
14
20
13
11
16
8
9
16
16
11
12
16
21
8
17
15
15
17
19
14
18
20
9
9
14
14
12
21
18
16
15
10
13
18
12
12
11
17
12
8
10
13
11
20
20
13
14
16
13
14
13
13
16
21
17
20
17
18
14
14
13
19
14
11
15
13
17
12
17
20
11
17
18
15
19
8
11
11
16
12
21
17
15
10
8
13
23
12
13
15
24
16
13
14
16
18
22
12
15
16
21
19
18
18
23
18
15
12
15
9
10
10
12
19
9
17
12
20
20
9
19
24
17
23
12
19
17
13
14
27
21
14
13
20
12
19
14
14
12
16
9
11
22
18
18
11
15
20
15
17
18
18
19
21
11
13
12
14
25
24
17
13
15
16
13
11
12
24
13
15
14
16
16
20
13
11
18
16
15
19
12
9
14
15
17
21
10
10
18
14
18
11
17
11
23
19
20
9
11
16
14
14
17
17
15
13
13
24
24
9
17
17
15
9
15
9
8
11
16
16
16
