12.77421
10.11003
16.61185
13.75522
18.84971
11.61586
11.58053
8.685441
12.38866
11.49385
18.27079
18.16062
17.30857
13.13679
17.72063
17.48077
12.08794
9.308298
11.18624
14.60019
19.12208
15.09056
20.19264
18.35698
9.037778
9.334077
18.80817
11.81118
9.841219
15.4768
19.34462
15.4048
14.67841
21.72209
18.47915
17.1643
13.16139
18.93504
14.16719
17.63887
12.50617
14.13059
11.00746
14.24319
15.84043
11.5601
13.82271
11.21781
13.8999
19.76448
10.68
16.20672
16.30858
8.129651
14.73814
9.212012
18.4527
14.56555
12.65032
21.79064
6.053887
10.06673
17.4971
14.6557
18.23775
13.88153
12.48159
18.72242
12.06326
12.0147
16.78425
15.96351
8.792906
13.15764
16.62899
19.24999
19.07932
20.78187
15.5316
14.96287
16.4854
22.35577
13.14945
12.32085
18.36925
8.329454
19.34384
14.29274
15.45945
15.92277
19.60079
12.76433
13.02527
16.07232
8.615037
17.06117
12.62645
12.42999
17.36367
8.93725
11.11029
14.25467
18.46577
11.69834
16.17685
11.93549
16.96576
9.668571
15.29762
13.12733
18.49338
11.21663
16.16192
13.32004
16.95377
19.11353
17.05028
22.37127
15.39736
7.194612
21.22046
9.73049
14.18723
14.27415
10.68102
12.43549
21.82212
13.83533
16.07438
11.82572
15.02678
15.36818
12.39706
17.38038
15.78204
19.58756
14.29843
9.085493
12.79474
14.57117
10.38399
12.35229
14.73981
15.30082
15.00521
12.6285
11.16083
11.18317
11.92974
18.41561
13.31209
16.19048
16.0736
16.82434
20.51954
10.257
11.55148
14.33539
10.44522
7.916376
14.11824
19.32474
16.16095
19.45094
18.53729
17.7225
11.41176
17.40304
12.52482
13.83647
8.179856
16.72574
17.4599
21.00934
9.636347
17.49981
9.771305
15.04336
15.46792
14.68355
22.87464
15.17547
13.23073
20.64425
12.77763
14.62922
18.2421
17.40202
9.941048
13.84345
15.34332
13.62294
17.0976
14.63324
15.13063
11.10617
4.831367
12.08378
14.77447
14.21786
14.07097
18.83614
15.23726
13.82035
12.706
12.53514
17.12454
17.27531
16.79111
12.14433
13.21606
18.08787
8.900527
19.93809
13.78632
13.93837
11.56442
13.89434
16.43886
21.56505
16.27695
20.13378
18.52406
22.70141
22.42678
6.4306
13.72604
10.05757
12.41973
16.08035
17.74931
20.4739
15.19206
15.64794
15.08889
19.05915
11.90873
13.62058
11.94497
18.8058
13.7751
17.08158
14.55002
15.50361
16.62953
15.99282
16.96727
14.39212
12.14274
17.17405
17.2177
15.98448
18.32534
16.15732
18.49832
14.88256
12.72896
15.70099
12.8021
16.82228
15.54897
16.76534
20.74022
14.76223
16.32787
14.83556
14.78939
11.71032
8.631289
16.37306
17.04145
19.62498
16.48328
15.60806
15.41309
22.18145
14.53711
8.125206
17.24771
13.76826
12.22372
16.08982
15.88097
9.07758
19.05134
19.23563
14.97433
10.65404
13.81806
11.22901
15.94126
20.57654
12.57798
8.866764
18.98931
13.35317
17.40143
11.41053
18.03252
15.66994
12.7368
16.45826
14.43008
14.12835
14.14962
9.573339
9.91816
16.61649
14.42656
20.74529
23.73564
17.61008
17.06888
9.525367
14.97981
12.41581
13.41145
13.20944
20.81638
12.15481
15.31893
16.55848
17.36917
9.56891
12.92884
8.107897
17.24469
14.82776
16.39073
13.99276
12.7164
11.87743
15.00215
22.63122
18.28998
16.62813
14.28792
13.13437
15.51822
11.97654
16.05921
15.11129
19.06994
12.0706
11.95399
14.91752
18.11243
8.460467
14.32843
10.17654
14.24965
17.67852
5.776828
12.79068
14.80383
11.92648
9.724432
15.84543
9.174555
10.38226
13.73153
19.2073
14.54088
18.80854
12.3669
13.2687
14.1671
14.97033
14.89513
18.17186
16.98481
18.11162
17.93427
18.45314
16.98664
16.46144
22.30117
13.49317
16.45577
15.63785
15.75885
12.39536
20.08165
10.60966
16.56709
16.26385
12.77524
13.29801
12.82659
8.538205
16.13659
15.47799
14.28935
16.32468
14.42578
16.45961
14.94344
15.18397
17.69708
11.84617
13.64917
13.81486
12.47837
21.71993
13.8618
21.66498
14.12494
16.45016
14.89102
21.01181
15.97919
9.585731
15.91693
6.617795
14.23838
15.20538
10.84275
15.12079
8.477832
11.96772
13.33938
16.76339
14.65587
8.759979
10.865
10.6768
9.993919
11.88357
11.30561
17.25227
16.8114
14.30806
10.50573
20.24664
18.85324
10.79019
13.76838
17.1246
14.25324
15.11905
12.4857
9.553619
16.52079
15.01859
14.55291
13.8851
12.80415
21.06514
22.23776
17.23592
14.89151
17.83949
18.39373
11.11972
19.3355
11.42858
17.69835
15.42235
16.31182
14.87208
18.04519
14.64875
16.26483
16.69845
13.94786
17.85559
16.36986
16.04244
11.51895
15.58764
15.55882
11.14697
15.05199
11.44191
14.17032
15.68246
9.755067
8.865449
14.54991
8.919014
11.66758
16.55692
16.01081
14.15863
12.26233
15.82939
16.75376
16.85503
13.85403
18.8418
8.634566
13.97439
17.31944
12.54502
17.96165
9.705277
16.73185
19.37652
17.44931
18.50575
14.08867
18.80198
16.89502
16.82113
14.08223
14.48814
15.76296
16.68842
12.73942
13.83098
15.97602
16.39796
15.4443
12.88756
12.43539
12.89871
15.34094
15.58862
11.36572
17.96763
9.40068
14.22655
11.77119
14.65109
15.29345
16.75411
16.59945
13.33825
10.65602
18.68404
14.25016
10.60537
21.45531
18.08458
13.1617
15.45833
12.1953
17.22931
13.82351
14.34509
12.69155
17.34206
10.38928
10.97006
18.08503
16.29445
14.21175
16.34666
13.65993
12.89741
13.43925
22.67197
14.84229
14.97907
9.912757
14.30776
12.95608
10.23251
13.74721
11.17882
12.60346
13.07409
10.48002
16.47413
14.84273
13.31377
17.90446
15.89658
12.22347
13.29403
16.10518
18.20627
16.08079
14.876
18.65972
13.8477
17.48238
15.72435
18.25733
22.09376
10.08097
14.46243
15.88
12.98733
11.73637
16.70562
17.79882
17.22757
13.67419
16.40201
17.0647
22.37769
14.90607
17.70744
15.70429
18.3842
15.55008
23.37652
14.38811
13.81359
15.17006
15.99529
12.70693
18.13349
15.48512
16.3795
14.27937
14.60933
21.29773
17.30092
11.17771
11.53283
16.79681
12.94972
18.96364
11.80299
12.58597
11.68597
13.48012
14.16201
17.19409
13.60481
12.46234
15.16934
12.56818
19.94489
5.269181
16.153
18.32132
17.62813
14.68699
13.08058
13.37076
14.07966
14.13384
16.5781
14.07904
14.60844
10.00598
19.46651
15.15767
9.528568
18.07487
14.1869
10.81781
16.3919
14.57489
10.4406
19.83569
7.526249
17.32657
12.93874
8.05428
18.20407
14.12032
23.4981
15.14614
21.31799
12.21122
19.30817
20.1147
15.89958
19.98548
13.75685
15.40289
14.81767
17.85763
9.370778
11.5577
21.42774
12.3513
10.8944
9.205349
15.67521
14.99548
10.22406
21.05059
13.52557
9.674816
13.13065
14.98604
10.63033
9.780444
16.55448
15.40706
15.57979
15.74332
15.18295
9.758107
20.1391
14.51036
11.50441
16.62784
20.82629
11.6695
18.90348
12.33924
16.59553
20.46531
18.51438
14.34777
17.29717
15.59174
15.0846
15.36376
11.93838
11.25173
17.11517
13.4101
21.53799
17.27494
12.40819
11.82915
9.720173
18.59984
10.92697
14.21145
13.98775
16.72595
18.48426
12.55693
15.88807
19.6225
11.67087
20.14543
18.24703
16.94757
18.52215
14.75208
13.87311
18.29035
16.44232
15.31525
17.23955
18.25516
17.04176
9.631073
11.84399
15.94246
12.51819
18.71815
15.54153
12.37182
12.3242
16.66476
15.47021
14.42156
12.61793
7.326191
16.59196
17.23062
18.7734
17.08513
15.06421
11.15966
14.07044
17.84786
19.13612
11.89661
18.41757
17.37663
13.40662
12.91804
19.65582
9.04483
15.77062
14.83198
15.34821
15.41757
12.28186
13.64259
12.98118
16.4168
18.20235
14.20734
18.43454
17.15008
7.345779
18.10159
13.40265
12.47175
16.41294
19.32451
17.82002
16.75744
19.10252
17.95929
16.15527
19.94752
14.81331
12.71033
13.65453
20.69967
8.246952
15.83796
11.94129
21.26386
12.15049
14.70198
18.38027
17.85673
14.39479
17.14568
17.60641
14.73924
14.3901
17.08445
18.75712
12.6467
14.77029
11.32187
8.369185
16.98182
13.32093
12.28886
9.307416
21.94253
10.74104
19.02347
11.86973
13.93192
17.51361
14.25618
22.94767
14.17975
11.99239
11.16648
20.0949
8.442396
15.20091
14.6796
16.39477
15.80189
13.37959
17.65781
17.71729
18.13235
17.81935
14.64757
13.31238
7.478649
15.4516
19.30113
13.11975
10.62523
19.08303
19.10456
19.23726
18.06735
12.46557
12.27977
18.09023
13.15375
14.7121
11.25628
12.6284
20.09508
19.07117
13.4296
11.11722
13.97685
13.36709
20.47577
14.03807
21.32669
16.75154
11.73189
16.78014
15.60783
15.85517
14.68925
13.35406
11.55403
17.32427
14.10143
22.4672
22.68173
16.217
15.05442
14.49192
13.68545
19.03671
15.95731
13.34983
14.47991
14.71137
19.08551
12.80337
15.18498
12.8274
17.74746
10.12841
14.37646
18.07051
20.83034
14.31277
15.4477
20.62751
4.501896
11.95796
12.76876
19.346
14.86158
15.90948
15.33291
11.06193
15.3565
13.16416
14.51971
11.56237
13.00916
11.78763
15.81982
15.10293
14.24532
19.99825
18.81928
15.20207
13.46533
17.90419
9.757903
14.51225
16.12597
11.8076
12.72187
12.04214
16.52525
14.86583
13.51046
9.485568
9.436617
14.56471
18.36581
8.565094
7.915996
18.2581
17.32537
17.78486
6.261978
9.577657
19.31563
11.07246
7.734943
17.36412
10.73551
12.77708
8.850751
14.14286
10.30547
15.84111
8.646966
17.73547
16.55708
14.16619
14.00958
21.19145
18.47002
17.24104
13.78623
20.19119
17.13316
13.36622
15.93834
14.2863
12.32672
14.69979
19.84257
12.7403
13.93219
14.00113
16.64601
18.53996
17.14249
14.75411
19.11186
16.7951
13.3801
17.99374
17.28796
13.65419
17.26331
14.03171
14.90173
12.71982
17.24506
11.42326
9.989695
14.65566
15.48127
16.6045
9.731789
14.64477
13.76247
16.7683
15.26814
22.12902
11.62128
7.642358
15.50291
11.14648
