16.07633
14.80801
14.38676
21.15486
13.80211
15.56825
17.89796
7.583295
12.45276
12.15424
15.88838
17.7985
14.00389
14.19038
8.662601
13.82338
12.3532
15.41537
14.47726
10.10463
17.75267
19.95803
16.65941
11.72487
19.51009
15.22503
16.98071
15.15578
17.4869
17.73476
13.95773
16.47029
15.11017
12.87437
8.778037
6.980819
10.0027
13.92618
17.60646
17.94865
17.76225
17.74911
11.03938
13.93883
11.03869
15.92137
15.89447
11.58713
13.46678
15.8205
10.91584
16.39527
14.09199
15.79435
17.14141
15.87862
17.60978
12.63967
9.278303
16.69658
15.23067
15.67179
20.5895
16.11759
10.37508
15.38341
12.97848
13.21739
21.44061
19.79142
11.21267
9.898895
14.53502
16.17302
15.79316
18.22295
17.19145
19.44442
13.71804
17.72778
20.11267
15.34799
16.48963
15.91161
9.362432
11.94772
18.2914
10.9643
12.00652
13.48344
20.30484
14.23626
12.32722
16.07973
17.67881
13.06714
11.42851
15.89672
17.66945
14.52132
12.00577
19.43879
16.74296
10.15966
16.69141
14.06784
18.33283
15.37044
19.8466
16.60716
12.06672
16.21819
13.18265
15.57631
14.2795
14.38937
16.23818
16.84386
18.28766
17.80363
15.62135
12.65436
18.64691
17.69934
14.74729
22.10833
15.11182
9.8839
15.73379
17.4072
15.24111
16.6898
14.98362
18.72151
18.40388
18.82158
19.04711
9.861173
13.28319
13.28921
17.89992
19.17089
14.24668
13.02323
17.22192
17.68815
12.03444
6.993178
20.01542
18.64042
14.69882
15.56305
14.7972
23.80353
18.4159
16.36716
17.70177
12.39167
14.93964
15.62405
13.23478
20.42593
15.95064
9.371846
15.90109
16.29105
16.59962
12.60265
19.93389
17.18771
9.939007
21.16506
18.06479
10.47515
14.69247
11.83833
16.08845
14.0473
18.34284
15.44425
14.99353
11.27096
14.11773
16.67176
17.98136
14.34214
15.9396
14.44864
10.29264
15.86102
12.33507
18.03037
16.00225
17.23887
18.79306
15.93839
15.30246
16.47675
14.41257
13.52086
17.43269
15.68239
12.76579
12.50728
17.28732
11.92671
17.40207
14.99282
9.322543
18.60761
18.50026
15.87242
15.25854
12.21055
17.46873
10.33367
17.18186
20.7803
15.78454
14.73312
16.01665
20.20327
13.81468
8.765241
10.54778
9.966057
16.91922
13.73984
16.25619
16.33996
11.23202
16.20255
12.92474
13.10579
12.8964
9.363083
13.5879
12.64172
16.31522
20.17038
17.85965
14.38789
13.80005
19.00441
15.65962
11.41841
13.76812
15.20455
11.00024
15.147
21.29198
20.79005
10.24738
18.24845
16.20579
24.10534
17.76065
16.78433
14.61333
14.40742
14.75356
16.76316
18.84913
15.7949
14.0265
16.44856
15.26088
15.4681
15.51865
18.07188
13.68869
17.01777
14.21006
16.47708
15.78698
22.77145
18.42281
20.78278
16.04523
16.42171
12.93586
13.9237
11.28034
10.47066
13.81862
13.0092
18.69434
23.00326
17.63366
14.91162
14.83397
19.11201
14.3139
14.21879
19.29031
19.97268
18.73473
8.223892
9.352531
9.413309
11.23952
15.03424
6.375257
18.77099
16.04683
17.72472
12.54369
17.16664
13.8427
14.20845
13.24332
7.116412
18.62068
13.8589
16.88627
9.276048
13.65952
15.05614
22.0694
12.91028
12.66637
22.09245
16.76043
18.0179
17.58429
18.64701
14.24464
22.41982
14.49684
14.01376
15.9442
11.44237
15.25565
14.01484
15.67307
16.21415
13.30677
11.99405
16.18213
11.34871
18.26501
15.50665
16.85954
11.08019
13.3571
11.9828
16.39129
16.71715
16.68438
12.0281
9.587923
19.13205
12.80659
15.58601
7.267795
16.32904
19.62708
17.15544
13.77586
12.80938
13.8993
16.57313
14.89867
18.10021
11.95022
11.14878
22.2805
14.29002
9.621651
16.33658
20.81611
13.84878
12.75133
14.61446
13.93068
18.23002
12.76106
12.82653
16.25725
12.57123
7.693834
16.4989
15.14133
18.89481
11.27525
18.9137
20.61022
17.11278
16.66289
15.69081
15.55271
16.20603
11.29146
11.22516
21.602
20.85408
15.32303
14.24626
12.09748
18.48976
11.32185
14.59036
14.1361
12.22829
11.25123
11.23522
12.50266
15.26319
17.30867
17.95133
16.63851
11.90172
15.84375
15.85674
14.9422
18.82304
12.95464
9.887959
17.3788
15.17698
19.73239
19.80413
15.19172
17.81228
11.47759
11.53802
14.16347
18.66876
16.37141
14.01585
15.1738
16.58795
9.837739
16.69665
16.83069
15.06586
10.01391
16.78645
11.9641
11.43836
13.4158
13.75861
16.2025
19.22647
14.09695
12.8457
2.802803
17.79815
15.80547
18.45893
10.85484
20.7678
15.68395
18.51317
14.47641
17.08636
15.08701
20.69213
15.62599
12.08714
16.60446
8.762378
18.44761
19.68299
24.65956
13.29283
12.29564
16.79471
13.32159
14.37751
16.45669
15.92768
12.21488
14.41532
13.8775
13.03494
10.74377
14.10432
15.81914
15.26306
15.33194
15.72902
11.73959
13.73106
11.90502
18.37371
21.60521
22.37145
16.76579
12.19624
16.01556
14.77032
13.09086
13.85302
12.83766
14.93153
17.64486
14.81938
15.25507
14.11684
15.86872
16.16043
16.60745
12.12793
9.703048
12.10186
17.31734
12.53525
18.84011
20.91498
16.311
18.13459
10.35828
24.32269
16.50305
11.89733
13.10145
19.7166
16.27186
16.16041
13.41107
15.96269
13.42466
16.93031
15.25526
15.14969
20.47909
14.88751
16.99988
17.39645
18.10802
18.50861
17.58733
19.84014
15.25676
16.7322
22.00417
17.55719
20.79759
20.85779
14.76428
14.40259
13.17875
11.4992
18.40617
13.41979
10.7694
14.10536
14.71445
12.42676
14.48772
14.29254
15.40512
14.91922
8.295507
10.7419
19.11679
14.56453
17.39768
16.88128
15.00433
12.59297
12.5514
13.02414
14.94846
14.88373
14.20258
15.30272
17.52231
8.830412
10.66196
18.47524
19.16978
9.691967
15.34629
18.40123
16.13022
15.2197
18.43891
15.38311
10.35657
18.4461
14.13773
23.44909
18.70098
13.20949
16.07043
18.64976
11.00669
16.69771
14.56689
11.89006
11.85838
15.54157
14.46535
14.54048
11.97444
14.74718
9.915531
13.677
15.53868
17.5185
16.8635
15.56742
11.1048
19.98437
17.5755
16.14395
12.99186
15.80752
14.71693
10.86193
17.79357
5.328344
10.85136
16.23803
20.70862
17.26653
18.78096
13.19771
9.469575
16.97218
16.4419
11.9974
14.79046
15.88137
21.18596
18.94513
11.83904
16.99144
13.10895
19.62481
17.40192
16.7584
19.00643
11.98981
12.96808
10.52716
16.64088
16.5506
15.65105
12.57858
12.09433
15.20575
15.09303
17.81329
14.76394
13.4983
13.6178
17.06292
14.54919
16.98605
20.39016
12.4807
17.84503
13.27957
22.26359
11.51415
19.80403
19.34349
14.03872
13.37006
22.07158
12.57932
9.389818
16.26304
17.12989
14.31576
18.59441
13.57104
15.6772
11.51825
18.75252
16.19815
12.00177
15.03708
13.24954
19.36134
10.39577
21.89273
18.46315
10.23809
23.02404
14.44316
13.27436
13.99345
15.04602
16.99241
14.55344
14.54243
17.18961
14.8449
17.46236
17.10195
10.08578
11.72948
14.3762
12.22227
16.38508
17.83331
14.99479
11.81622
10.45085
17.91313
13.66313
15.28554
10.99174
9.125112
18.3751
19.13583
14.37531
9.487944
15.52487
13.20161
8.669353
20.57563
12.18116
12.34359
13.46325
13.19478
14.09314
16.63641
17.18958
14.1516
16.78364
19.21497
14.35161
15.34397
18.63294
12.17872
13.13225
12.09171
20.0954
13.52157
18.07173
14.70296
17.28764
12.74616
18.21641
10.53667
17.77175
11.18636
13.54255
12.87043
11.89136
10.01998
16.49859
17.41862
17.06134
12.60247
16.38188
15.41448
14.59307
17.05511
11.34518
12.63829
16.86344
10.67608
19.61491
16.48053
15.49744
20.35829
17.68773
10.66363
12.43449
14.12612
16.33906
9.629572
13.2868
12.82269
16.13534
14.21836
13.84771
15.50504
13.71232
18.07252
15.76769
19.9004
16.71491
19.60273
13.03751
14.9455
14.76981
15.74551
8.883062
13.8711
15.50452
17.28217
15.10687
14.87011
16.67658
12.62418
22.69151
21.54131
12.27038
12.4129
7.668383
16.56866
11.69808
16.62219
12.4501
13.82038
16.3396
8.238609
14.69955
15.12182
15.67975
15.36744
10.71749
18.72854
11.88491
14.09796
19.82359
16.136
12.51483
16.71789
18.19092
9.073766
16.4867
20.7011
16.77451
14.79905
10.60128
13.22946
18.35603
9.614008
14.52479
13.06851
17.33785
19.76958
10.89486
15.8785
15.29267
14.30589
16.90229
16.89525
15.55701
16.52368
9.713306
15.13153
13.95756
14.05025
14.21195
14.03837
16.1188
17.12333
17.24626
7.995209
15.55728
18.65393
11.82301
17.81019
17.57107
23.01792
10.11595
15.24434
21.03274
19.67384
15.35342
14.38107
20.63923
13.03908
25.39109
15.02124
18.09761
12.35645
16.1708
16.16726
16.58814
24.05932
15.96636
21.51428
21.63265
20.23098
15.63712
20.98536
14.46747
15.72817
5.411314
14.96681
11.15018
11.62626
11.57031
21.68409
18.44859
16.40181
20.37431
16.19525
19.65414
13.49141
8.589786
13.39074
16.44369
10.7447
14.27228
16.04578
14.6653
18.05963
17.85726
10.92633
14.3551
18.54086
14.17283
16.0135
14.03344
18.0587
12.29326
10.54635
17.63475
14.81038
19.73684
15.03209
15.32618
13.69416
12.72832
13.46626
19.58411
18.36476
15.0235
18.41865
14.18448
17.72293
17.31642
15.47207
17.28376
10.90224
16.29871
13.87298
15.27782
11.85769
13.64525
12.16081
18.1032
12.8233
13.97791
19.21114
14.72715
18.2022
12.23987
9.654425
14.79251
11.17625
15.51207
11.89361
16.77426
15.24779
14.94243
14.67099
14.02046
19.72293
12.2815
18.06065
16.11149
13.99794
12.46208
22.57049
12.39669
15.72448
12.06316
16.94154
10.94367
11.27485
18.19196
11.57355
13.64751
16.40017
18.08802
15.49921
17.41994
13.18217
11.57669
13.31708
16.7299
14.81668
11.71042
16.37689
15.4956
18.51633
17.929
21.70941
11.7586
13.39899
13.8361
18.4699
13.11672
21.57162
14.68359
17.01964
17.08073
18.00175
18.05954
12.29496
12.75022
9.432119
7.99777
11.10392
15.34542
14.96941
11.64632
9.865319
17.43847
12.03124
12.34379
11.71098
19.08968
10.09712
16.05975
17.92397
9.80615
13.16526
15.99235
19.71828
16.80465
18.33172
8.401659
17.74511
10.57283
15.59042
14.98058
14.45323
17.21733
16.61481
8.969797
16.38678
17.93189
12.5637
9.088145
16.13202
10.49954
15.48448
9.710596
20.65841
15.81825
8.988981
16.12678
14.45188
16.52894
12.59933
17.81304
13.89659
16.80016
14.4126
16.20842
14.17252
13.72598
8.767919
11.63339
10.09909
17.17887
15.52729
15.11701
15.87475
17.3455
12.18152
17.62084
5.442751
9.635491
5.689351
14.89674
16.41487
19.72402
13.00972
17.62124
13.61842
14.68169
13.54576
19.58647
15.97449
16.21735
11.61383
8.677391
12.36955
18.23081
12.71186
21.5587
14.18873
20.14484
20.15887
11.83766
11.25781
11.6227
11.42813
20.0691
13.67084
17.66951
19.53898
10.35826
18.35597
16.13477
16.52253
14.33826
13.73113
12.75397
10.86271
18.96011
11.75877
15.1492
14.53257
13.26218
11.18673
15.42156
14.65376
9.95389
10.09182
17.00732
13.52174
11.34851
18.70889
19.63006
15.38148
12.97936
13.87315
17.7727
15.14462
12.38871
14.80166
12.31953
18.24247
15.68929
15.09916
14.32163
12.72439
18.09738
11.3405
18.41247
15.63631
15.78654
13.26341
17.64916
13.41276
15.05975
13.67998
20.45289
16.83739
12.85912
16.59447
18.65886
12.33981
18.27601
16.05557
16.97201
11.72541
11.00178
13.18529
14.29886
7.463927
12.4068
19.83723
16.38452
15.13648
13.37693
5.978955
13.85224
12.6074
20.18732
19.63392
9.986986
14.91907
13.67857
16.02802
17.82951
18.72324
11.80925
20.98462
8.934984
15.21752
13.32846
17.889
16.00143
11.22
15.64236
18.87163
16.79137
16.71988
16.76786
15.80145
10.41348
11.94808
9.940719
15.31656
8.738161
8.587834
15.53092
17.96353
14.58995
8.581713
16.42728
16.07777
20.47922
17.83294
16.97852
13.14827
19.12102
19.41331
15.19386
25.40796
14.94273
7.933314
19.29664
22.06865
13.36483
16.91234
10.95898
24.75359
17.98201
13.0427
9.873516
14.18005
13.71903
21.00461
12.02283
19.67325
14.15374
5.351505
17.91826
14.57718
17.11974
15.54784
13.83995
14.75352
20.37679
20.02492
13.8741
10.77327
13.51171
17.87493
16.91767
11.59361
15.6757
16.18564
11.85553
10.88989
17.06119
10.14659
21.39893
14.98409
12.16091
18.32009
15.34022
19.11752
7.121337
14.53473
16.32455
12.81012
13.18534
19.57234
15.47792
13.92761
18.60023
17.88685
18.3639
17.23731
21.69042
8.600322
16.90248
16.50574
10.71515
13.70871
16.68705
17.47245
9.634055
18.34803
13.32551
12.20772
17.96854
13.91676
17.6598
14.1248
13.83579
17.59626
20.92358
14.54733
15.11583
13.44049
16.15638
14.61414
15.05785
14.70698
8.359375
17.02255
12.57218
11.91148
15.09745
14.40033
14.4889
10.20803
9.470155
16.18481
10.17688
12.76313
11.924
16.79624
14.15826
18.23746
16.58951
15.31999
15.12516
12.26789
15.9337
20.8024
15.39791
15.80554
15.89461
15.29546
9.759474
14.97985
15.02793
20.51866
18.84684
15.19849
21.04015
16.59766
11.84075
11.76194
16.72057
16.29917
18.09364
13.36333
10.61694
18.01121
14.6883
17.80144
12.00434
14.53593
14.55056
14.47738
13.0695
12.59454
15.45497
18.7783
11.43517
16.19246
18.44873
7.20332
10.91775
16.3344
15.44827
21.11307
12.77838
16.27477
10.03926
13.49233
13.19979
16.58448
15.20572
21.19061
16.9693
16.42337
16.18455
18.9772
15.10183
17.78531
13.78412
20.2688
11.23313
14.29958
16.90566
18.66612
22.86157
16.15888
18.00276
16.29966
15.70817
16.11237
17.11694
14.14421
16.97836
19.45509
15.18881
17.97637
21.50266
16.71415
12.02309
18.3442
15.0944
12.5183
14.21778
12.19131
17.31016
14.43822
17.90314
14.55088
16.61358
11.64772
13.14362
11.31711
15.4769
11.9427
14.45772
11.92627
15.83093
18.29297
13.17664
14.18552
14.24101
17.26846
13.53534
20.20985
13.8788
16.84662
11.10939
16.64833
10.44136
18.58672
12.78501
20.29099
10.72091
15.75888
17.64192
18.80665
12.53962
13.82482
19.91434
13.41355
13.76863
13.36606
11.21192
13.99575
13.27455
15.03499
16.13987
17.01768
12.30214
16.78749
15.56155
14.25631
16.07283
11.44814
16.19311
6.994024
14.50142
12.31412
14.67121
10.81948
13.34457
15.62428
15.33654
10.57895
19.5465
12.82451
11.71804
21.09009
14.59141
15.36635
13.32272
12.1862
14.341
19.17488
13.69944
15.22436
16.43678
15.70643
17.12622
14.29993
16.21041
12.1958
16.34824
13.2416
15.44261
17.26204
18.39668
21.10208
9.416831
18.92186
16.38787
17.16268
12.61245
10.35951
19.32188
13.92939
12.1756
11.57801
10.81776
17.7474
8.555774
14.32669
18.59579
12.0998
10.81738
13.6035
14.84616
10.40003
10.84572
13.82703
16.11277
18.78342
16.72292
11.76687
18.81615
15.87251
17.15815
18.85508
11.27926
14.24493
14.07737
13.17053
17.26371
13.37605
12.74664
14.94466
14.70311
15.87408
16.21372
12.40229
15.9469
13.12202
14.5407
14.53231
14.37838
18.7098
16.32167
14.13209
15.62058
14.53744
11.92993
21.40796
8.410828
12.82744
17.62443
18.38225
13.60573
13.89923
19.28953
19.79339
14.33727
9.327913
14.94983
13.37878
14.41496
15.23684
16.8012
13.18136
17.73328
10.35805
14.96266
19.48664
19.54039
12.15468
16.22344
12.31029
14.35819
10.42892
12.57784
17.74759
12.87712
18.71094
17.92744
18.64552
16.80625
9.731699
15.44524
16.73838
9.440295
17.15627
14.2887
14.3023
17.70337
12.8034
16.74907
18.35351
12.07986
16.84632
10.2082
12.94568
21.44124
20.93032
13.32817
18.88003
16.74825
13.24701
18.77319
15.70442
14.80183
12.67879
18.33834
19.58354
18.50216
15.89439
20.94718
14.42834
13.46473
16.28427
14.08697
14.08624
16.19071
18.90024
16.7907
13.4829
12.97935
18.41125
17.8944
18.72084
16.05657
19.51821
13.92925
18.86461
11.15616
17.34257
13.15116
12.8939
14.53978
18.3001
19.15192
14.06455
14.31247
11.19639
19.18614
9.135302
18.36894
3.38532
20.70382
19.00438
13.08477
12.05264
13.7144
15.00599
19.34235
17.7729
12.76586
18.8334
16.23996
11.73895
13.38791
19.54287
17.33782
13.75786
13.99763
15.61606
13.37851
19.04456
10.66143
17.5233
15.0847
18.7604
16.89505
9.190879
15.10462
13.68214
19.63129
19.03198
17.38668
14.47173
19.07793
15.23372
17.44911
9.561479
9.851284
15.69892
16.76003
18.40922
16.03185
15.68191
13.53491
15.36608
23.23134
13.42149
19.21981
19.2776
16.18099
14.8506
10.27896
16.43435
15.98961
11.58466
15.03208
14.77464
19.12896
18.30184
21.98936
16.09816
17.52218
17.96607
12.58861
21.1763
14.57012
14.26743
18.66609
17.42078
12.69428
17.06788
18.72539
13.15655
16.24595
12.75183
18.63777
11.18087
12.7889
13.05443
16.93106
9.160297
18.02508
15.88428
20.16409
17.41936
13.58049
18.20014
15.65725
19.1423
18.06214
13.09396
13.91363
12.57322
13.46034
21.51414
14.57414
8.669903
15.94504
15.54839
11.39964
13.44915
16.10895
13.43312
21.9072
18.58959
16.78815
9.635189
14.66569
15.50519
17.59244
18.3683
18.93593
17.45805
16.74915
9.80385
16.67439
11.92196
13.18624
16.60108
12.26969
15.15425
10.19781
16.41834
12.50789
13.53827
14.54345
20.17109
12.65541
11.0457
9.922491
19.5149
12.06816
17.25127
19.15272
16.58649
11.43681
11.12213
7.245756
17.53739
16.26061
12.07141
8.601621
16.43992
15.48377
13.78694
12.11761
13.92527
18.58347
18.67518
12.07548
17.6708
9.498827
14.66234
14.88224
11.48382
19.27177
16.4028
13.85316
20.25214
11.46048
10.83161
18.59226
15.59073
15.33339
13.87581
10.20928
10.64787
15.94495
13.85964
10.11633
13.7706
16.87945
19.35965
14.36281
10.93094
15.91951
11.2822
12.86479
10.39084
8.275445
12.63339
14.34174
16.89753
14.0641
12.93718
15.12529
13.88518
20.33029
15.78467
13.84537
16.64105
11.11333
22.22351
11.19816
18.77027
12.34246
10.72742
12.32235
13.62947
21.6016
18.65802
18.79229
18.19692
14.24028
13.58002
11.86913
7.520356
18.10338
10.14292
14.80802
18.81407
8.786321
13.31749
17.77666
20.17119
14.47451
15.65647
10.79505
16.71609
11.76827
17.79799
12.40586
17.04236
17.47939
13.25744
11.17613
13.05
7.307725
14.39012
6.606838
24.87779
15.81564
19.22244
14.75697
11.44019
12.32683
16.20913
15.13031
12.86627
9.322931
15.57703
13.59391
17.98911
17.63903
10.39263
13.85363
22.57302
17.06941
18.626
15.0001
17.19845
17.48111
15.29382
14.09976
16.30066
18.53337
8.328161
20.39732
13.71805
14.46064
17.05859
6.019075
21.64354
15.76072
11.31376
16.65858
16.39367
11.72909
12.10339
17.73512
14.9974
12.24427
18.36904
15.40766
13.20345
13.15101
16.33748
13.32545
16.07758
15.73844
16.25682
15.7325
10.63322
11.56287
16.09262
18.14357
14.2573
20.74022
20.97701
11.13116
14.73465
14.59269
14.23078
15.97603
14.32966
16.06059
15.10218
15.60762
12.23483
14.94058
23.41884
16.46422
13.98698
14.38004
12.46063
14.16173
11.44774
17.75435
15.46583
12.82885
16.49775
11.0112
17.27244
19.70385
9.954062
14.12548
13.05882
17.48792
10.60125
15.73863
14.87794
10.63076
13.41459
15.63451
17.41
11.46913
18.77439
19.43082
11.25837
16.90754
17.94589
14.55066
9.884213
16.98272
15.23197
11.75127
14.74987
15.36491
17.31686
16.83373
11.21139
10.70313
18.32427
16.80431
12.41462
19.70302
11.68082
14.72166
12.78947
13.29915
12.61162
4.978909
18.35312
11.27177
13.03444
19.25584
16.49783
16.949
11.4345
15.37866
5.991778
14.78807
9.830645
14.03309
19.22647
15.03895
8.186302
14.85848
14.27956
13.62422
15.11829
15.28702
17.84684
14.81415
17.44193
10.87554
13.59783
15.22751
17.3891
9.419372
16.21383
12.63047
14.74161
11.75263
16.45631
16.39071
18.53749
15.371
18.57515
16.51002
13.66023
14.55086
12.21593
13.44769
15.53134
10.45144
15.88602
19.70008
15.57059
21.51374
19.018
11.77146
17.43955
13.14372
20.37228
13.48615
15.45958
11.8743
17.4739
17.14223
14.26705
13.74705
18.21171
16.08812
17.21961
15.02618
14.97427
13.5218
17.60381
17.53884
14.2021
16.54026
10.20228
13.45807
10.52184
9.532604
10.61475
14.08537
20.30736
16.94534
17.56074
18.34098
14.0232
16.54236
10.38635
13.42796
15.87263
16.01196
20.10557
14.5041
18.75314
15.10844
14.60016
13.54022
16.08758
14.81835
9.393027
15.57964
9.696481
18.39373
14.60025
19.00337
18.96436
15.57872
22.70302
13.40219
13.87326
9.356092
16.54198
12.81386
14.30651
12.83327
19.78385
16.31711
13.12087
16.77588
9.669535
22.98051
11.9138
16.50526
18.56657
3.700934
15.0768
8.09416
13.46296
11.79996
14.65598
17.56802
10.10015
13.8854
16.87289
16.57024
11.23479
11.27207
16.1429
21.38051
12.4144
15.69762
13.02839
8.206305
11.95997
15.60201
19.63837
20.71511
17.75154
12.70496
5.506335
10.4755
11.67713
19.62301
15.41513
21.49346
14.07374
17.0574
17.74245
10.49192
8.924172
8.271087
11.87177
15.39714
18.13513
7.804801
19.2846
14.57497
13.69925
15.91491
9.892054
18.88196
16.77773
14.70148
14.0149
21.71758
20.23639
11.93325
17.38877
16.00639
13.93069
11.04453
13.39333
16.36229
12.09505
12.73978
14.69373
10.85853
19.5766
15.87716
15.26568
13.53836
11.67065
14.57055
12.63327
15.29907
17.89804
13.00165
9.006472
20.61364
16.24181
15.22572
15.89802
15.05402
15.21138
13.73428
14.88243
19.36137
13.89938
17.18993
19.23105
17.94955
16.7986
16.32691
21.00686
14.67966
20.12729
16.86478
17.942
19.16378
21.69896
16.40273
19.65235
12.77573
13.97217
18.87587
18.25269
14.04663
10.66234
20.84898
21.56213
19.14151
15.77314
18.35192
18.79024
13.87234
17.99366
15.87306
17.51266
9.175728
17.46347
12.69715
9.705524
13.92514
19.0337
8.106974
10.6438
13.20804
12.14083
13.4242
17.48375
11.65598
18.6728
13.97764
9.414079
10.06821
13.6555
12.41016
17.97832
14.68066
19.61422
13.99526
16.39225
12.57181
17.18328
16.61345
18.02851
13.44074
19.07494
12.85953
15.45674
16.37194
15.20898
13.76598
11.68479
8.778288
17.36856
18.45436
18.30232
13.45914
15.44004
16.82719
11.15325
13.47381
13.57677
17.24234
14.44062
12.77898
17.12217
19.52234
14.7591
15.06606
15.53541
15.49093
14.72065
16.50528
19.40059
17.3625
11.65897
11.65962
16.14016
18.15086
12.92028
20.80691
8.755315
13.13383
18.07859
12.63302
19.36398
15.28241
15.64585
14.37015
17.74308
9.837609
13.764
14.5184
14.24269
14.71281
12.73081
18.87335
14.38367
16.10955
16.43961
13.88651
19.29112
11.01596
11.90481
12.26285
17.3487
13.23797
17.32744
14.5656
17.40188
13.20581
17.30066
11.67876
14.47188
14.44631
20.35629
15.64299
12.14196
13.82423
18.06878
12.29193
16.31377
16.6115
15.97165
15.12747
17.14569
13.33119
14.59492
14.03854
17.3365
16.0971
16.24077
13.04771
13.02529
18.56921
17.64469
14.06995
15.18343
17.86601
12.99563
15.0972
16.66532
15.58592
9.548783
11.37305
20.08411
17.04117
15.0027
16.26352
13.99295
13.6356
13.60678
9.284559
16.83628
8.417488
11.03089
11.87264
17.01157
17.27485
10.87618
17.26031
14.78274
18.82896
15.80338
12.81609
14.74922
16.92582
11.36037
16.50124
15.37384
8.809002
20.20775
9.620317
12.5814
10.95472
11.9271
15.49261
17.11943
24.84552
17.69754
14.21404
12.88906
16.86706
15.96583
18.44736
14.86639
11.98061
13.70715
13.24997
20.25245
9.925834
12.71923
16.89111
11.386
15.48991
19.81554
14.16705
15.60296
14.35894
17.04139
12.12057
19.36492
15.09663
14.14196
16.72366
17.39316
14.74562
15.55495
14.28227
16.52785
18.82243
14.02117
18.40415
15.40435
13.21781
14.94521
12.64076
19.03587
18.25947
15.20026
10.67146
18.21425
14.25875
9.999759
17.17085
17.59976
16.4024
17.30822
17.05562
17.13639
18.73848
16.56989
23.25242
9.763704
10.53363
9.564478
15.8324
13.38114
14.05904
16.38995
17.22369
7.883778
14.16379
17.8593
13.26344
22.88011
16.68718
18.02616
9.150583
18.61787
17.82057
10.15648
5.839855
17.01904
17.73305
16.026
12.61975
10.25739
8.70461
13.88011
18.38619
9.906886
16.15452
17.64054
15.82725
11.29343
23.36647
15.65945
15.26774
12.73196
21.63468
20.06195
16.31671
16.79716
13.67114
15.74656
11.84903
16.06878
12.39117
12.24269
17.98289
16.83123
14.08432
12.89179
10.12447
10.4173
9.872527
17.40084
14.54901
14.28598
10.88722
18.58996
18.44451
14.02876
20.11116
15.52508
17.84882
13.18407
14.14374
20.6819
14.6786
14.5039
12.42401
16.71857
14.95661
20.89263
14.54806
24.76862
16.58728
20.34465
22.84989
17.12912
17.02797
13.62358
9.896063
7.631658
12.50982
14.10075
19.78996
13.94729
18.998
13.99726
18.36523
11.67561
24.17856
20.41271
14.85402
13.75018
12.48417
19.42099
12.8531
14.18641
18.1223
15.82942
14.50223
18.87444
18.67386
16.49194
15.33622
14.67013
12.29977
18.2974
11.59115
14.3124
15.35282
22.8488
8.493736
14.38661
14.98328
16.95887
14.35041
14.89137
10.87013
11.94795
10.5725
9.120159
11.96017
17.57017
12.03077
11.27066
13.95606
14.34046
7.661082
14.75049
13.61789
19.57093
16.42316
16.49932
12.83565
16.06271
14.41733
21.74792
11.1898
16.47548
18.52677
16.20324
16.74702
17.00156
16.01524
10.62227
21.33258
11.30269
14.08482
20.84398
18.28001
19.98696
20.12803
13.50265
15.99977
23.57243
14.0081
20.48337
17.04132
12.157
15.43463
10.94023
14.19033
16.88832
14.82543
14.4656
19.51872
10.55207
18.22249
8.101764
11.52007
15.92845
10.34869
17.34736
19.7805
9.417429
8.887928
14.37488
14.84764
15.18733
13.51668
16.77439
20.40135
17.84399
17.9585
15.65455
14.60758
20.52096
9.288481
16.36677
8.856381
18.95015
14.41784
13.58455
18.37117
12.16286
15.30471
15.02302
18.71511
11.41882
16.17036
14.42009
12.32596
12.18168
21.17355
18.85575
18.3099
13.85608
11.07431
16.96331
20.47423
17.48932
17.98001
13.84295
18.15165
11.7098
14.58331
15.46462
18.75661
16.07365
12.51669
15.22942
16.99235
11.79176
19.41094
13.67987
16.10154
20.35014
15.14388
11.65155
19.1266
15.56694
23.01112
16.73892
12.33647
18.76072
15.67233
12.82198
11.03617
14.10378
16.25047
17.62583
19.03517
13.54203
14.75686
7.286055
16.66182
16.43281
10.8297
11.90219
15.30646
16.86806
13.92941
19.75592
17.94019
13.59466
17.53174
12.7999
14.03875
18.68389
20.52442
13.40946
12.1773
11.9896
20.62323
12.6203
9.437178
19.67819
11.12367
13.20501
13.72911
16.18893
13.66534
21.07728
12.27347
13.97189
12.80996
14.32985
12.01975
17.144
11.0741
10.89392
19.95789
18.71849
19.98438
13.45752
13.07943
9.790838
12.51529
13.12455
12.99334
16.90591
13.16611
13.47142
9.626993
17.00835
14.43286
18.05367
12.4474
18.03777
11.48832
9.882265
9.4577
17.42314
13.65158
20.5611
16.06036
21.55126
17.03891
19.91886
10.51911
21.08162
11.00236
17.45924
16.87375
17.68783
14.29059
11.67837
20.76581
16.90719
14.00576
16.40644
15.20314
11.08727
10.62222
19.49236
16.97934
16.82886
15.36419
16.36717
18.4034
18.30423
16.15635
11.95709
17.79822
14.15202
13.79316
14.54581
16.97542
11.01394
14.98283
13.94303
11.99318
9.029681
10.84685
17.40266
9.663589
15.4225
13.5312
17.84222
15.09575
17.5844
9.259042
12.37328
10.44843
20.27841
17.2336
17.64934
19.83759
14.44226
15.13428
8.381857
17.86294
10.10943
14.34752
15.38829
14.30513
13.24837
10.63985
16.07513
14.83929
14.92771
19.23657
12.5885
18.70463
16.10058
16.65583
17.41283
19.44902
11.35756
20.04944
16.74286
13.03769
12.68151
10.73405
19.21308
11.96553
14.53146
13.81057
16.22332
13.65832
18.31799
18.10713
15.76735
16.28534
17.51846
15.22934
16.429
18.41879
11.43335
11.8855
13.38413
9.433614
14.2189
12.04379
15.38034
14.30042
16.77077
12.47893
18.58453
16.60133
14.93152
17.16627
8.216816
18.05986
12.85651
11.80991
11.3555
7.648106
15.98453
20.4645
17.48081
11.96101
13.87594
18.05348
19.96598
15.12485
17.99515
16.76835
12.72969
15.37317
15.18901
13.84425
16.98467
13.16399
10.33571
18.54901
14.86373
14.12575
12.8934
15.82915
15.48409
13.69
9.704239
16.42294
13.46365
10.50788
14.08079
12.34011
17.69356
18.21457
15.80742
13.44114
17.84647
14.16238
11.6919
12.11899
14.56757
14.75764
17.14709
13.38669
14.08038
18.54956
13.85416
14.62254
16.8384
13.76034
17.28887
20.75933
18.53101
22.2402
15.01589
16.16168
10.43647
17.96741
12.5144
12.80172
14.3842
15.39198
12.97705
17.69165
11.5341
16.39186
15.39902
12.75241
8.130405
11.11057
17.09102
18.85611
8.796701
17.53064
19.80991
16.27309
12.59325
16.4664
14.28961
11.77685
13.2593
15.44383
19.07577
16.58333
15.92371
18.04271
14.90358
13.53689
12.9643
12.83764
17.37633
16.69588
13.33532
17.82947
14.79782
22.09006
17.71404
9.818742
17.49558
14.74965
16.40574
12.55365
19.11924
13.90648
12.38139
20.33682
16.09581
17.78367
17.18296
12.50459
10.11081
17.01313
9.123867
18.94709
9.759702
18.85112
14.08013
15.48323
16.31188
13.17889
11.89447
15.06533
11.6348
11.02312
12.66251
12.14404
12.19183
17.1325
9.869882
12.22697
17.76803
15.57112
17.80446
19.52376
13.18306
18.32671
13.98158
15.8421
19.10433
15.78609
6.65
17.08492
10.59356
14.40499
11.01104
16.54176
11.10541
16.68887
19.50697
23.50565
12.13628
8.341393
15.42696
14.34503
12.65269
9.318851
16.47154
12.1116
15.08041
17.82327
20.40607
13.98701
12.80081
17.65496
12.15576
11.85271
14.48799
8.654351
13.59372
19.03237
15.65191
7.79496
13.80926
20.41172
19.21528
19.3881
12.3429
13.72221
16.15506
15.77197
11.27427
15.7634
21.54081
12.16593
16.08213
15.0768
15.61168
13.59412
12.16151
17.68082
18.91598
11.00538
10.45894
17.44178
13.04579
19.04392
16.91709
15.2607
16.34668
12.62004
13.03776
12.9398
19.01547
13.23843
12.81961
17.69777
16.03663
11.17515
13.86571
5.831253
16.17508
18.24502
9.923246
11.09359
15.54348
13.62508
16.8892
16.17375
20.75858
18.17578
12.63255
19.78067
13.73162
11.96175
14.52065
14.1851
12.3089
12.39177
8.650722
12.09176
15.9203
14.36096
9.167829
16.43025
20.2358
18.06315
16.66108
18.69936
9.933287
18.77852
15.73806
17.73035
19.34856
14.48769
23.38443
14.26323
17.29463
12.64084
7.705791
11.57427
13.63488
13.12114
15.04469
19.06041
16.72793
15.52031
16.01692
13.30718
11.57042
13.86725
15.81376
8.617714
20.15541
15.6691
17.12921
11.8979
19.60737
20.2488
13.06241
11.6529
13.60698
13.25477
15.91428
15.27579
18.66286
16.23663
12.44037
17.60623
10.2492
16.43106
17.6413
19.19617
13.10536
16.56937
17.51999
14.93147
17.17757
17.00437
14.32496
15.56897
14.05239
19.32188
18.9534
17.32366
17.42642
16.00553
13.2509
17.23985
15.14505
11.54956
14.58537
17.10235
14.09953
17.28063
16.9801
21.72786
16.78617
17.03166
18.96166
18.70318
17.41539
16.21229
16.5975
17.37463
13.69457
12.42708
10.44771
12.62945
16.27654
12.45445
14.47757
11.5116
12.60732
15.59081
13.69078
14.22134
11.36677
11.3964
20.46606
20.25031
9.113096
14.07181
14.31924
15.1773
8.818192
15.40159
12.32103
11.7241
17.1775
19.08973
16.15168
17.8547
19.06565
15.37042
11.62624
17.06827
19.16391
16.03499
17.30614
13.60112
18.51996
13.68955
15.54044
12.26204
18.37926
14.88356
11.96511
17.28048
18.31451
17.63833
21.12836
16.94001
20.29565
14.28568
16.10787
16.77964
15.31971
13.19695
10.6687
16.59526
8.742206
18.74257
18.43814
13.10104
16.92186
18.49026
13.08169
17.06345
18.29509
16.86096
13.69818
14.83473
17.94411
12.1367
16.56347
13.09126
14.23746
14.3509
15.26513
13.68786
12.59825
13.71174
15.59486
17.30199
19.47563
11.09112
14.64092
8.868025
17.38636
17.96789
15.61795
13.49593
16.5752
17.33784
13.42567
14.47545
14.61758
11.89663
18.11472
18.18804
19.00567
15.05195
13.01113
15.52637
14.79221
14.39523
15.7451
14.70907
16.16905
19.56315
16.18568
16.94676
15.31304
17.66767
16.115
19.03047
9.82685
8.93813
16.91401
12.9334
12.05499
19.37315
12.50336
14.66675
13.64179
14.8307
13.73834
13.14852
10.66308
10.95589
9.21198
15.33144
12.48804
15.08422
12.74149
15.87472
19.40052
15.01845
18.23037
17.1561
18.2592
12.86339
15.14855
13.31732
12.57516
11.20242
14.80962
15.36232
14.23878
13.32196
14.38297
14.07553
15.09554
16.43424
12.27212
12.36541
13.93718
17.7184
12.99304
11.96046
19.06455
20.14573
11.87528
14.09251
16.34908
11.2996
16.06371
12.04667
13.39429
14.4319
12.22393
18.80063
15.91544
17.02259
15.41491
9.169178
15.74217
16.58704
12.15337
15.02714
14.48561
19.78508
11.43096
18.35522
13.17628
18.57515
14.69253
16.87723
14.61368
8.569378
10.66149
16.21856
11.3527
14.68066
14.46732
10.00106
16.50805
16.628
12.64383
12.78388
20.83399
14.99402
17.73681
16.04681
15.37818
15.2383
12.83322
17.46083
16.62322
17.68367
16.7543
8.855319
13.61427
14.77652
15.69685
20.93423
14.20023
15.84191
10.62238
11.67816
21.00756
17.12625
16.60758
12.27179
17.64997
17.51357
15.09551
11.58591
15.78825
18.66845
17.25746
17.73927
14.15084
17.80941
14.15721
11.55499
11.42126
17.18547
12.55916
13.59586
19.59383
12.78587
17.3045
12.80835
18.17719
14.84789
15.25044
18.00251
16.21861
11.57041
19.83621
12.40489
17.62347
18.47628
15.20315
15.79668
8.503174
14.59508
22.27921
16.11748
14.08406
15.4312
14.15963
9.495852
12.26778
14.96683
16.3328
10.26028
15.27525
13.14678
20.21416
16.23735
15.61662
12.02447
18.20804
11.10355
16.78714
21.32198
20.03562
15.53686
14.36331
9.264952
17.20525
14.88434
14.72319
13.54162
17.99812
20.15815
12.98029
14.05329
16.28006
21.5865
11.5578
11.44867
15.8888
15.66314
14.10213
16.64569
11.21997
13.51957
17.2281
9.505233
10.25737
17.51259
21.77994
16.03805
16.028
18.54183
15.04723
16.88472
14.23782
19.70399
16.91849
19.88193
14.41025
13.03483
14.08805
11.99435
23.7334
11.54047
10.14302
19.67285
11.64685
16.24284
12.14342
17.74384
14.86438
14.48025
14.08429
18.27521
15.53166
11.80289
11.48699
17.7215
12.48846
19.9282
11.92133
13.31563
14.10489
16.31461
17.2802
15.81068
12.9879
15.8694
13.93763
22.75518
15.12876
14.71308
15.10356
19.4321
14.47619
9.695863
14.93857
12.46125
12.88458
17.96981
13.06128
18.41588
9.814564
18.08733
13.48995
13.04895
10.93562
17.21937
17.33794
8.638171
14.38437
16.34422
16.01012
13.91672
14.29413
14.32805
12.57242
16.11732
15.69904
15.78327
14.41067
14.55092
16.27309
17.22741
11.62062
19.12646
10.09721
17.37655
14.95035
16.10657
23.31917
15.91686
10.04078
9.33633
14.68118
13.27687
16.60693
16.83108
18.75943
15.64707
18.20319
16.41076
17.68385
18.52847
12.37566
12.10198
11.29633
14.40306
14.79247
16.06397
12.65864
16.13535
14.37128
19.4334
16.80481
15.29546
16.65945
13.95737
11.58019
20.34225
22.05801
14.32417
18.52831
10.5541
17.97588
12.53623
16.94021
22.80035
10.00974
15.16913
12.85871
16.69878
13.70844
13.13734
15.86679
16.83111
16.4245
15.86992
15.89192
15.22722
18.26025
9.833664
14.02879
16.54252
16.88223
19.95411
15.95909
13.1827
10.40724
20.24028
19.66744
10.25484
18.61027
21.01069
13.51406
16.64913
10.28058
10.67284
11.13103
20.20691
11.13478
10.89068
16.23292
17.43296
17.16786
14.15376
15.5379
14.30388
13.37415
12.62707
17.56744
18.49208
14.13936
13.29744
21.79552
17.72985
14.34738
12.54967
12.96637
11.18832
16.46954
15.39608
9.744512
15.16955
14.56396
12.62528
13.63008
17.40501
16.9789
18.82496
16.84337
15.43083
13.54213
14.55025
13.98901
16.43733
23.4571
14.20549
10.37898
19.00626
12.99815
12.1135
15.83973
17.33486
14.52996
14.17637
16.2663
13.4065
13.67161
14.72451
14.37521
21.42139
19.04211
17.47901
9.132056
17.99332
17.31079
19.30957
14.95368
16.30019
14.97014
14.39131
12.52483
13.57331
17.62662
16.37748
19.56946
14.06285
15.25259
10.662
20.328
17.7929
13.54369
14.86329
9.073468
14.87893
14.44899
13.25964
15.89085
15.97433
19.13875
16.14984
10.80744
14.9763
15.19273
10.11495
11.5279
9.32611
16.22733
21.71801
19.15265
12.37278
15.45411
17.30725
17.96702
13.66306
16.79046
19.36489
13.58442
13.39934
16.90434
16.96749
14.9217
17.37861
15.8773
14.53543
17.57032
16.36096
13.63788
15.18686
12.00803
18.59008
16.37263
14.29191
13.05376
12.15454
15.64721
16.53378
15.20957
17.31151
10.75581
21.07361
8.039453
22.29715
13.12734
16.2027
17.15562
10.57103
16.34838
15.30204
12.53589
12.58544
15.84696
15.75136
10.93136
15.61123
12.54781
16.3284
15.86267
14.63456
11.48457
13.92259
15.49856
11.81862
11.91544
12.99236
16.46328
9.907735
14.50526
9.125352
15.30426
15.66781
17.19084
15.77152
16.53073
10.46881
10.80029
10.95868
10.65405
14.29057
11.15837
11.62738
13.82268
19.468
18.32156
21.90847
15.34821
14.93576
14.13108
10.76819
16.10713
18.15081
15.07619
13.57224
20.6946
16.17016
13.61936
20.079
12.01669
17.75239
18.42732
17.25386
17.26333
13.14535
17.21507
18.41753
17.25498
10.80227
15.05855
13.67232
19.02907
14.02106
17.07978
18.13972
14.89852
10.99263
16.86771
17.27698
16.6336
14.47541
16.56948
15.8315
18.73151
11.99439
19.4924
13.20296
14.08454
14.69887
8.472207
13.236
20.79494
15.41063
9.885498
8.849749
16.7471
14.01834
18.86069
17.56577
14.90039
18.67902
18.22348
14.72876
15.11115
11.28663
18.05063
20.58102
17.23019
13.51038
14.3304
20.07531
15.32447
12.92403
11.10357
18.01477
17.02593
11.21001
9.935192
13.08599
17.07087
14.79958
15.49465
17.43713
14.71914
11.8125
12.88009
16.49598
12.05578
16.96469
18.73028
17.93845
13.17042
18.34051
15.50795
22.96167
12.45326
14.54725
11.84949
18.38106
16.54912
12.8281
14.2889
19.76055
13.19092
14.85804
11.00385
14.4267
17.106
19.34601
20.11774
19.00958
11.07562
12.6809
15.91036
24.34094
14.92936
11.0988
17.83673
17.03302
13.81085
18.2266
16.36192
17.95655
12.03322
17.42464
12.63178
13.00042
14.29175
16.68393
14.54689
21.44554
18.03707
16.25066
13.8244
13.25278
13.56115
13.13756
12.31921
12.31657
15.60408
11.41082
9.933209
12.55587
16.60956
13.28243
19.57662
12.89483
13.43996
17.17728
9.538302
16.41317
15.43068
16.40271
6.577774
19.72694
14.38421
6.895641
17.28685
14.34167
11.41557
18.0714
18.89935
11.94258
18.68263
18.07091
11.58881
17.14929
18.28562
10.32329
12.06518
17.4263
13.98148
21.42331
14.15636
16.28389
13.11886
10.3186
17.11243
13.87524
11.53348
8.085147
10.93076
12.13235
20.00871
13.04396
22.31126
17.08538
19.38978
8.743929
13.99623
14.56946
14.98117
15.91949
18.69448
12.70022
19.69988
12.779
12.25121
16.32818
21.16786
9.643575
11.76389
19.02929
13.65436
12.41795
14.43498
13.91855
10.97609
20.60531
17.51099
15.79334
15.40943
12.01469
12.76261
11.84087
14.75704
10.80207
11.45389
12.73091
15.91064
11.0305
16.6138
16.32556
8.698636
10.63172
17.37632
14.97512
19.5769
11.53307
16.54409
15.93417
17.42661
15.71845
20.7001
8.900722
13.67786
20.78414
9.587491
11.24195
10.33336
16.09384
15.06361
11.17265
20.65994
10.34623
19.80006
12.98936
12.05344
16.72177
16.29602
20.81334
15.19833
21.20877
16.83596
13.15696
15.23594
8.87368
14.4553
13.20443
10.76206
16.46304
8.856973
20.89588
13.8387
21.1964
13.31474
13.62273
13.69254
13.204
12.29624
17.22757
12.68374
19.75114
16.56514
15.00225
14.97214
13.97355
19.02594
18.40064
18.32447
15.35937
14.84678
11.43678
16.15919
15.89033
20.99249
13.08549
13.8956
16.75369
10.86242
12.50305
18.22297
11.0018
11.9591
19.44194
12.52234
16.80941
7.045887
15.08175
13.31465
17.87144
19.88508
12.56059
18.5692
13.48555
12.89324
11.51812
11.74703
15.54862
15.42032
13.46577
12.96582
21.23027
14.07603
11.98337
15.62796
14.53895
21.97275
6.564314
13.08623
14.98575
19.39818
15.83483
16.65294
17.7837
13.52764
12.0657
14.12234
11.6592
13.19481
14.30743
16.94066
16.8008
12.39041
6.893671
14.96045
16.05723
12.84668
16.03598
13.50484
16.69973
14.80124
11.09533
15.9524
11.72862
16.60297
19.82714
14.17446
14.87161
9.927303
15.2468
18.12981
14.72072
13.44711
18.15109
15.44336
13.63718
12.69637
13.19006
15.73409
13.42388
9.115012
18.86092
15.48215
11.08997
14.67553
22.4458
13.33412
13.70778
15.8299
13.89268
16.79697
10.11344
14.54734
16.98746
15.19591
8.401575
15.41885
14.00625
11.72506
18.97893
18.86887
18.23366
19.72913
18.31362
15.33363
12.99411
14.27286
10.17946
16.91919
14.11507
13.70031
13.11246
13.67036
19.0944
7.633177
10.26332
14.23375
14.24934
13.12444
14.97958
10.22061
12.75536
14.60342
18.07334
9.408863
12.23367
15.17025
20.51488
15.74676
8.154365
16.27673
17.70073
11.95914
13.479
11.07899
20.50399
14.78486
11.32717
10.91016
12.95169
13.95676
14.4873
15.56177
19.06441
13.03728
15.30576
13.65361
7.772845
11.43439
14.0281
13.67591
18.64682
15.09752
9.954883
16.24173
12.14352
19.3318
15.70452
13.6537
16.04082
12.81613
10.4707
8.354427
15.51816
14.05415
18.7813
16.27143
18.51154
12.21927
20.84522
12.22685
16.33945
13.09981
13.0486
16.60392
13.34197
18.81633
15.4967
14.7655
15.27824
15.56726
10.15249
12.55283
10.25884
16.4382
14.21384
15.80313
8.371425
12.16306
22.14795
21.64089
11.7416
16.12927
11.95432
16.67627
19.02771
17.60003
18.92136
13.84262
11.58448
12.10666
13.51903
16.47112
11.14379
9.216399
15.98148
16.52862
17.73228
17.41557
17.39812
10.58451
15.29381
19.26477
7.917462
19.63833
12.98504
13.60398
17.99459
19.02521
16.38232
17.26828
18.51675
7.787191
23.01866
18.54297
9.673605
11.46525
12.68795
16.34724
17.27964
15.42818
15.75744
16.70181
13.26249
20.16335
15.12029
14.42172
12.13901
14.90226
15.66967
13.7771
12.32813
13.51136
15.19795
17.14875
10.49502
17.78759
13.47263
15.07233
15.89705
19.91492
18.79739
12.51545
18.65621
12.06088
15.07195
14.05001
15.81527
13.11902
12.92094
11.70613
17.33237
14.0022
12.06607
14.84154
15.85834
17.69418
11.89085
10.71595
14.28039
16.48186
13.91388
8.93888
13.49838
19.41465
13.72008
12.09336
21.07114
6.720736
16.46367
12.32773
11.87843
13.7013
19.02046
19.61231
19.42198
11.39725
20.29266
9.419483
11.6345
10.49566
17.06576
17.59307
7.874858
18.61278
12.73782
18.54891
16.61826
15.73329
12.59584
18.55025
18.71347
15.77938
9.70341
13.78119
16.74133
17.41649
12.15929
17.57829
15.8324
18.16137
9.504357
19.30471
19.35223
13.82615
16.85342
12.01449
14.25699
14.14482
17.46104
15.81348
14.86864
21.54397
14.24333
10.3845
15.28708
14.16863
7.383337
18.7675
11.47567
15.71146
16.6635
10.57824
17.52802
16.99763
15.40619
13.93427
10.96662
12.40708
14.39013
16.22099
7.794203
17.91965
9.28253
19.44612
21.11208
13.91383
11.56166
13.54169
10.5756
17.8832
19.45425
13.65993
15.21229
14.14329
23.30722
16.92345
14.28768
14.24924
14.14365
12.65455
12.22223
12.56244
14.03051
14.37234
16.92722
17.53241
19.71027
15.99189
14.08994
17.94129
15.08984
17.72412
14.7046
11.90335
17.86746
15.5481
21.95244
12.98423
11.09506
15.41008
15.56356
19.00855
16.94141
20.91134
14.74547
11.93121
16.53512
16.17305
23.08789
13.56508
8.936687
14.4275
16.03121
18.68163
13.83146
14.26387
16.81306
13.01144
12.95416
16.80715
8.993199
15.97052
14.34451
25.79064
20.05554
15.91463
17.97112
16.48875
19.93145
12.7757
10.53464
14.58778
10.80376
13.14265
18.04516
10.03008
15.48288
15.16534
19.06289
19.19734
15.5044
12.93951
14.71116
16.0801
15.08004
13.22502
14.89686
17.72635
16.801
14.45073
15.69185
16.33699
12.45811
21.49838
14.34823
10.89932
21.82627
21.54128
15.9211
18.3557
14.32015
14.54855
10.82942
10.33503
15.4382
9.150741
19.28802
15.32677
19.71222
16.49309
12.29852
13.70537
21.16207
16.618
17.12716
13.69305
21.94587
19.20681
9.594304
12.76904
17.9837
15.5093
13.3724
17.2881
9.672072
12.18661
16.51833
18.22067
12.93533
11.40817
18.52992
17.24344
9.830673
8.801766
13.26642
6.058221
19.20679
8.332942
19.72827
18.11633
11.1959
13.60454
13.89802
9.192955
20.5079
16.87149
15.01614
14.79174
13.73025
8.4249
24.40319
16.75132
16.0454
16.9474
10.0209
14.55591
13.76075
18.40949
19.89625
19.43261
11.45793
10.33547
11.89485
11.14168
18.4429
14.99117
12.52681
18.48273
23.02209
18.85569
13.31458
15.57557
11.07185
17.01166
9.126158
12.34721
15.74588
18.61242
16.31903
14.61721
15.42607
14.4723
17.25478
15.79199
18.02211
12.68927
14.23774
12.8315
11.53408
18.55267
15.22138
17.88699
11.80573
10.85211
19.3428
8.840948
12.61961
11.39484
13.40916
16.22725
19.94477
17.0751
18.77438
19.67847
15.45535
17.33304
19.15748
16.73441
15.40454
16.3423
14.9749
15.56462
14.61414
9.925765
15.31181
13.72728
13.94653
15.62121
17.80349
10.73503
23.55846
6.580888
13.75464
14.41632
9.505671
13.679
17.3729
15.74038
11.73093
13.57909
8.78739
17.66428
14.80277
19.52269
20.782
18.38448
13.79781
9.88536
14.39851
9.146904
13.42705
10.31118
18.70312
9.705385
12.93282
10.96409
14.36918
15.33106
11.51273
14.91764
22.52529
16.60873
18.95062
12.9192
18.44868
15.4702
20.54921
9.655862
16.2553
16.05559
13.81313
19.70607
20.22827
16.10422
12.45997
20.25558
20.8428
16.44557
13.21826
11.75748
13.05209
13.22296
13.05525
16.38913
14.98104
13.98304
14.98377
22.44428
15.4091
16.8538
14.24633
18.04483
11.22066
12.6951
13.63929
15.65113
18.6674
19.01004
19.59727
11.25787
16.13532
17.40308
17.91686
20.48141
17.62115
8.744268
11.75747
20.27001
18.25407
11.12537
11.90206
18.79209
11.81397
9.917899
19.05934
19.99759
9.875942
11.57117
12.164
13.49725
15.70059
17.53124
15.00535
15.14952
15.61523
11.75288
18.63091
13.44728
17.94341
14.52808
14.97763
12.15945
15.50678
15.83068
15.48074
13.75762
11.69223
19.15969
20.13362
11.79561
18.92421
11.50314
14.64987
16.79532
11.12881
17.43683
18.60898
16.59117
13.47665
20.33647
12.52158
14.88037
14.23154
14.64996
14.15888
8.790261
14.04222
11.9839
17.07474
19.35361
17.32234
14.28376
16.20021
14.09676
18.14973
9.400916
10.41016
12.59163
18.93575
16.65995
13.22024
12.94457
17.20885
15.02285
15.78608
12.9944
9.612775
19.41248
12.3567
12.5954
12.03379
18.68275
14.30458
16.23519
15.91262
19.14076
14.28713
17.6467
18.23899
16.26853
13.7916
13.82026
16.65004
11.33488
13.63375
16.37024
18.13315
16.94329
19.38529
12.93723
10.27315
16.49436
11.78454
13.15788
8.141187
18.1065
15.80847
13.13438
18.3963
10.20979
15.54986
18.17938
13.20018
8.967495
19.77949
17.78598
15.69854
15.30137
16.48077
11.97944
18.10173
17.83035
13.03893
16.02715
16.68243
12.11392
9.479457
12.07735
17.40809
14.87551
13.33995
12.33892
11.38272
10.80432
13.30584
14.57514
8.541456
15.32838
8.474272
16.03357
19.65265
18.6218
18.65888
14.26867
16.39281
14.33137
18.65788
15.32745
11.0144
13.34004
14.48289
17.77932
15.56424
16.2958
17.47311
15.11926
15.29166
11.65953
8.946645
19.29878
14.04144
14.65904
15.09697
11.37107
17.80336
19.19706
13.6023
14.65356
11.91667
15.71823
16.41491
14.55779
15.05606
15.41356
15.10359
17.00518
13.35867
10.39135
13.52464
12.34378
12.61326
8.746856
10.7441
18.11076
10.39731
15.93114
11.37813
16.0031
10.57147
14.9719
15.26567
21.87835
18.3731
13.91539
13.74313
19.42869
14.24047
16.25494
11.85587
16.36942
18.93541
19.9477
20.25924
18.72197
16.21645
12.03878
14.69622
11.29353
12.55901
17.02459
15.49496
15.92804
16.57197
14.63144
17.40603
15.43487
17.23294
16.35065
15.87213
14.36915
13.87939
15.26368
11.40951
14.58641
18.59708
9.888638
17.29295
12.33011
16.93175
12.47649
9.685744
20.07161
17.70516
18.62333
16.48707
15.27635
16.96077
13.24956
12.68825
16.56601
15.87784
14.21787
9.787792
14.57347
16.49033
17.71417
12.95042
8.881061
18.07773
23.14784
13.28177
18.87244
20.78336
18.48559
15.97334
16.42779
16.11468
13.49912
13.56059
16.28821
13.7114
9.635951
12.86099
13.26452
11.80204
15.06068
19.49573
17.25958
14.38352
18.27888
14.28941
14.43153
13.71456
10.9349
11.51201
13.11459
16.7677
19.43691
15.93427
15.39747
15.83451
10.30508
17.16733
20.08156
16.57658
15.15369
12.40418
15.28746
16.81214
13.20558
19.31627
16.36468
16.08183
18.63463
24.21043
17.41182
17.31574
13.23568
11.08757
10.0835
12.63735
9.257261
17.77046
14.44533
16.38261
9.246703
13.55661
16.42927
14.76514
16.33498
14.05439
15.3383
15.81513
22.65604
16.6705
13.89461
12.54833
10.03892
15.0065
17.33059
15.18212
19.25683
9.553295
16.25911
14.63334
8.682023
16.70764
14.91892
15.62431
9.186084
12.83978
14.75565
12.84724
11.34986
13.21283
12.57646
10.29667
13.54949
13.9752
10.34514
15.52443
10.89615
22.89344
14.29089
13.92433
13.93628
17.27373
15.54828
18.5691
13.05062
13.59238
16.84546
16.79776
14.47965
15.31537
19.2069
11.6843
17.29708
15.29662
13.40268
15.24107
17.20445
14.32876
12.01061
8.503292
15.66682
16.13135
15.64671
17.38479
16.04337
11.43665
18.20411
14.52816
14.65538
19.30553
17.11867
16.50283
12.22102
14.61406
22.27971
14.33007
13.55932
12.49302
15.2823
10.23846
15.46501
12.32576
12.42249
16.66329
9.262221
13.59035
14.71184
16.876
12.91836
11.98213
16.19504
15.67698
17.8361
18.15595
16.29097
19.01822
11.72707
12.81582
15.4302
12.22428
16.74313
13.26969
15.44562
13.38219
12.37748
12.15178
13.91753
15.19797
16.87942
9.641882
21.49585
18.64651
12.01564
10.89396
16.2172
15.38022
14.14402
11.77005
22.11043
17.38477
15.70576
14.32774
18.43685
8.576534
14.48486
15.97677
21.98701
14.05708
15.49671
13.25309
13.21684
14.37826
15.44273
9.721211
11.21569
17.55633
22.34964
18.51253
14.24783
17.59692
16.49744
11.24412
13.55735
14.98438
19.52062
13.22374
13.62467
11.26991
9.983548
16.96239
20.99778
14.42608
17.46666
17.05158
15.60715
18.63165
13.21266
17.89069
13.82289
16.14088
10.45102
16.04039
20.17728
20.92307
12.75231
15.39366
13.98733
17.84576
16.58713
10.3213
12.95071
14.62742
13.88631
12.42407
16.26055
13.4803
9.889886
14.57549
15.24331
16.64293
8.218383
13.52594
11.81281
12.49299
13.69256
17.61041
13.3648
13.40868
9.885451
20.08568
18.91326
20.71753
15.37774
19.518
18.75385
19.96713
14.972
20.45801
18.16837
13.02892
13.87657
15.24891
12.77674
15.11656
11.47959
10.07314
11.46067
13.02455
16.10511
16.45381
13.02525
12.12679
16.13508
18.30342
18.17765
21.48747
21.31892
16.05455
13.20744
13.98769
16.40923
20.13829
11.98589
16.25189
13.52746
16.17523
15.12215
8.936803
14.07594
14.98739
15.50191
18.4968
19.23135
11.76692
17.5732
16.48561
17.34913
13.12833
15.86095
19.20312
19.03024
12.89658
12.41279
14.20177
18.42879
19.01581
15.38339
15.46958
13.99202
18.64394
15.54283
13.60905
17.92311
15.49923
16.93502
10.20304
15.77257
17.94899
18.82509
14.34092
18.04405
11.84402
17.71695
12.53467
8.31746
9.880692
14.11209
12.37771
14.98466
19.22072
15.0652
16.04005
14.27656
13.51007
17.60931
14.86296
13.11455
9.664728
15.59849
15.53345
11.36763
13.81595
16.79519
16.20788
12.5014
13.32549
12.73096
11.2985
18.02453
18.20358
15.48264
7.945447
15.28969
23.02132
15.9758
13.34078
10.15505
6.967526
18.21612
15.13642
15.41441
12.85689
8.290159
17.68807
15.36716
16.47579
7.097062
16.64477
19.11998
16.60423
13.47312
14.28795
16.99952
16.94516
15.60609
13.6224
13.22829
10.66736
20.15487
19.92605
10.05392
22.65469
16.90129
16.05557
13.71524
13.18307
13.82032
11.4548
11.34585
16.52106
11.92365
18.80674
11.80504
17.5128
16.19653
17.11703
12.68022
16.33158
11.53386
13.78458
14.28529
15.56059
17.83355
14.83947
14.29562
11.96604
11.48718
13.48499
16.07008
15.33222
13.46844
13.73474
20.02362
7.005132
11.75331
14.88198
19.95849
20.08302
15.62701
17.07074
7.363503
19.27195
11.59348
10.64792
13.38748
14.53138
20.40623
14.04534
12.30422
16.26605
19.28709
18.47409
16.81986
14.00129
12.60659
15.5612
17.82648
14.84931
8.046175
14.24981
13.70525
11.97602
13.52167
13.12551
15.16544
16.865
16.00597
16.55887
13.95945
14.65903
18.44987
11.87929
13.72268
9.165511
17.12675
11.75913
14.93281
15.51061
19.85971
14.77674
8.671386
15.74842
16.84987
16.36484
20.47793
13.55963
15.58297
10.63174
14.18525
19.43125
12.3126
14.98463
18.71545
18.43005
15.43466
14.92035
16.05102
15.47621
7.897257
11.10611
10.28118
17.18681
12.75846
24.27766
15.35374
11.69204
17.12393
12.64349
19.33184
16.82517
16.7712
13.79682
15.96269
20.26177
16.99945
14.16626
14.51705
15.75962
10.83824
14.0838
20.57122
15.91166
23.78771
19.11214
14.62685
17.99098
17.71004
15.631
15.26178
10.64222
10.2729
13.42241
16.10743
15.87033
16.02035
14.76469
18.79886
9.863253
9.954426
13.51687
17.51619
17.47796
11.19717
11.76303
12.60218
15.15543
17.8415
17.7005
16.21481
15.27585
12.96546
15.44083
18.06774
16.91463
15.66005
9.936465
18.92243
17.84163
14.59867
11.83377
18.21835
15.50021
14.05154
11.24391
14.15326
10.9306
12.11036
13.90357
11.68814
18.47204
12.52679
12.05268
13.65126
14.48107
14.84502
13.37326
9.123633
15.34643
13.81458
12.66882
13.19745
15.42216
13.53369
18.73132
15.75784
14.36426
13.42051
14.02772
16.31095
18.37841
15.16261
13.94371
18.41279
19.91569
11.78277
13.81591
13.55318
16.7621
11.75591
9.77493
14.75238
17.30053
15.9035
13.93032
11.18855
13.59997
19.5864
14.31988
18.97365
12.80712
18.31905
13.68834
15.22285
15.45561
11.48544
17.60742
23.51648
15.29333
12.08166
17.64472
15.55254
20.92861
18.18654
16.45849
21.06481
12.66213
14.89569
18.96938
17.82381
11.04433
15.75156
10.46924
16.24251
15.50374
17.38799
12.31963
12.14287
17.25529
10.55464
10.72937
18.98767
14.01039
21.04853
16.00783
24.07295
15.47416
14.9242
10.99663
16.6807
20.09799
14.66194
19.5253
13.40281
16.21774
21.47948
12.62662
12.93471
14.53215
17.22175
10.11073
16.905
20.95142
20.89153
19.32034
15.84269
19.84385
19.73374
19.21466
7.325856
18.48084
7.645738
21.6467
17.91936
11.10395
19.98608
13.38063
20.31257
11.44477
6.652633
12.23362
15.16193
12.82569
19.72712
11.43145
9.580181
13.12991
13.77381
13.07582
15.73686
17.94857
15.56699
15.77021
18.42785
15.14719
12.17087
16.75569
19.94396
17.93128
18.46591
16.95881
15.653
20.62343
14.93696
16.89596
12.72747
14.14224
11.53363
11.35991
17.94941
15.54994
13.35485
10.33232
18.4217
17.71312
24.07603
25.73518
12.141
12.53945
14.7285
11.43231
11.63311
7.769158
21.72961
11.64251
18.94258
15.3225
15.36551
17.22882
8.597147
11.61707
16.02361
13.50572
10.89484
16.84346
12.59128
12.43319
6.280904
12.47351
13.87971
23.28672
12.45108
13.34179
15.59103
19.60593
16.35271
14.32697
18.0513
12.68233
18.44637
16.87205
13.97687
15.72249
18.45295
11.48789
17.37145
14.47318
17.06836
9.848213
13.16906
10.56128
13.30894
12.67638
14.95444
16.09729
15.39813
13.36437
14.953
19.03024
12.2997
16.84738
18.29105
19.20035
13.91051
14.44588
17.15796
11.24534
23.73958
13.69989
9.137962
16.07255
11.36524
12.9912
11.32654
14.06846
17.25129
13.80919
8.998774
11.61733
13.1877
15.80674
17.65717
14.53803
11.20733
7.499616
14.08376
17.20282
13.05689
11.73171
13.45868
13.87564
18.35855
19.37528
11.81755
23.36829
10.39197
8.115406
11.26815
16.07761
15.07632
17.51761
12.09326
12.15786
13.65445
14.65489
17.95274
16.24613
12.02115
16.24049
21.7245
14.66114
15.4555
18.98672
7.775243
18.86885
14.95786
11.25905
15.19749
10.21262
13.56602
14.66102
17.1048
21.03441
18.42957
20.30085
18.53568
18.2938
19.3741
15.62784
13.94982
13.1577
20.55076
14.93183
17.74091
17.90053
17.56817
11.12652
14.20932
17.72353
19.65957
13.77566
12.89506
12.21549
10.90285
13.1855
14.79947
13.07964
14.20612
16.33469
15.54534
12.75655
12.93857
18.00571
10.66495
7.745732
14.63083
11.72718
13.14605
13.04748
17.06587
9.12176
13.95943
13.92303
14.55785
16.73464
16.93844
16.22493
14.78115
9.266191
17.05244
12.79147
13.75447
19.04316
14.07731
11.62319
16.37541
13.41942
17.46224
16.11921
9.146491
17.70082
18.1533
16.74668
11.60509
12.01086
10.90212
19.69343
16.6153
20.61875
13.6815
16.29669
10.64049
20.43676
7.419934
14.87595
19.78201
9.11737
14.28837
20.0642
11.41512
14.13229
11.51569
11.42631
19.9894
17.54315
16.38505
16.76814
11.03924
17.53041
12.25355
14.14751
15.01913
15.50358
14.73978
20.39832
15.65193
12.02349
16.10083
14.95794
12.27275
17.23837
23.41809
8.822642
12.4003
13.135
14.24485
17.70219
15.83108
17.57155
12.36242
14.80694
3.228886
12.26605
21.01534
18.15672
14.69266
19.66677
14.23661
16.23427
11.88345
15.94948
8.780512
12.32825
17.24921
15.14718
14.29286
17.70033
14.8144
16.88193
11.7439
11.61879
14.59255
16.34073
14.62301
14.69994
11.97
12.18829
22.00849
12.21072
14.60125
16.69589
14.53512
11.63436
20.74569
12.77355
12.37366
9.8011
10.03397
16.78465
13.30683
18.6184
9.895508
15.21774
15.8825
17.79167
18.37011
14.27251
13.70926
11.04536
22.08501
18.89239
17.58647
13.9443
12.15275
16.09021
10.41007
14.59076
13.98138
11.89901
10.43102
14.07482
12.28315
10.06447
17.6248
15.32388
11.04689
13.85052
10.73272
10.88166
13.89264
13.84914
18.72315
16.27259
18.5399
23.16314
9.67217
13.27812
17.17561
20.47119
12.65969
15.91193
16.92801
18.90721
17.93167
11.42651
17.13222
20.09264
11.32041
16.82125
15.8987
17.20145
9.803321
15.62667
17.4309
20.48344
14.08948
11.65324
11.99572
16.34739
14.53891
13.81274
18.43741
18.57865
17.55474
14.89437
10.94308
13.80512
13.21491
13.79001
12.40658
12.59107
14.80734
16.08864
12.50162
12.36353
11.17959
12.03591
15.69454
13.67409
16.72108
15.95201
11.77916
17.40795
19.43597
17.4064
10.67941
15.8228
16.06456
13.76816
12.56597
15.90094
11.87149
16.06479
18.78865
15.51468
17.49552
17.52356
15.07656
21.36131
17.55544
17.59377
15.96552
12.41801
20.27815
10.63925
10.89282
10.00821
15.96206
16.61645
9.452346
9.56232
15.50398
11.7459
17.82078
22.8812
11.4076
18.10214
14.82222
10.71226
11.47505
12.28849
16.1504
15.61878
17.30248
14.96809
7.576818
14.00469
14.46583
13.62996
16.23733
17.60585
18.11309
8.555394
11.02876
14.97512
15.23164
15.82414
19.17938
16.99654
12.06578
17.72299
10.84646
8.735669
14.62304
13.21637
16.28283
14.31884
14.05444
13.07401
15.20966
17.35001
17.63564
11.43377
16.97583
15.85401
15.27252
12.16728
12.77847
14.50036
18.69403
19.27143
13.29623
17.7526
14.56003
15.8546
15.06469
10.28976
16.41831
14.43356
20.14453
18.19105
9.459487
12.89565
13.79373
14.17619
18.53594
13.46214
16.13974
12.8369
12.68821
17.2259
18.15957
10.9323
14.00086
15.83831
14.98971
16.03989
13.88625
12.89097
18.23336
16.93176
11.99776
10.02648
19.03207
15.89638
17.31157
19.75243
20.41947
15.63179
18.13986
16.86792
13.40133
16.73389
15.11803
20.52983
13.60398
14.44765
13.46813
21.45825
15.01765
13.62637
16.41957
21.11892
9.25422
20.88276
11.18472
13.12569
16.08027
18.99918
19.35305
16.68077
19.6436
16.60545
12.57787
19.01432
17.54161
15.45965
10.85085
14.61183
11.24554
11.3589
15.92221
15.39456
12.03262
13.69952
16.53739
12.26572
17.63485
12.21913
17.51732
13.5004
22.7291
17.34181
15.22289
11.32468
10.67497
11.11302
17.93155
18.23366
16.86099
15.96413
15.46724
16.86682
16.66943
13.46433
14.94293
11.91393
13.44872
14.49547
11.53569
15.24503
13.6326
16.0682
14.3914
18.65758
11.50787
11.65332
13.81754
13.47337
11.29108
20.17691
14.6266
12.98535
16.05877
14.86768
11.2546
10.31411
14.99502
15.18558
10.62911
9.615281
12.53123
16.54687
17.03069
11.8798
16.82198
8.787813
11.31767
14.36121
8.962257
16.67121
17.66948
16.73127
20.48185
16.03017
11.97652
17.85252
12.95273
15.63607
17.59176
13.64804
16.34052
11.46517
20.4514
13.79885
19.6691
17.97495
15.57792
11.27181
12.02722
12.00112
15.27439
11.17373
11.01827
13.41902
8.968879
12.20516
14.9979
16.18401
14.36216
15.17868
15.52913
11.76567
15.41171
11.28267
14.23189
15.57878
9.468411
14.85285
12.54364
17.09029
13.09331
12.70241
21.39068
9.572143
13.37102
17.39106
19.27627
12.82319
15.38223
11.51261
12.41597
17.86795
11.90185
9.725147
20.66801
16.33136
24.42912
15.95026
19.3819
17.67662
10.77096
14.33604
17.24493
15.91854
17.48786
11.55609
20.4707
20.13008
17.72338
15.58036
14.71646
13.8035
16.02585
13.75281
17.69715
9.977079
17.01191
15.45423
10.97875
15.36509
19.19703
8.412178
14.42756
13.30463
12.93563
15.81411
17.24439
12.16812
19.06637
19.50588
18.07197
17.34305
19.39807
14.64062
16.38672
18.97803
11.83577
13.21015
19.58869
12.36167
14.39728
11.34215
16.5786
17.50326
14.44824
7.217403
17.2347
11.63029
17.25389
12.22116
14.5867
11.43654
16.74844
12.15971
11.83511
11.8125
15.2592
16.36144
17.73879
18.25081
15.74153
22.19163
15.86096
13.67532
16.66651
14.46479
14.3182
18.67017
12.30559
6.171086
21.08437
11.54943
15.20039
15.42169
18.4131
17.08374
15.82597
12.48739
21.45859
13.88082
16.1428
9.995974
15.93727
15.95893
13.45107
19.03739
19.56685
12.46711
18.09335
13.63578
16.83216
17.46802
15.40181
20.91069
11.68809
14.19736
10.88385
11.93794
18.12762
15.14345
14.37466
11.4396
17.19765
15.74049
11.42854
15.28043
15.83568
13.6871
11.50148
15.23143
18.24983
12.94053
13.06568
14.96377
12.70038
15.41046
15.86536
18.19419
15.08304
11.90712
22.21546
15.54781
22.25109
14.98288
18.98345
16.54883
15.77062
15.39892
17.83518
18.29464
21.69733
12.24873
16.27613
13.99496
18.63931
16.63181
14.07821
13.55946
19.95057
15.51559
21.07003
15.68081
13.81772
11.3777
10.09811
16.22301
14.96325
16.39998
13.73203
18.04065
12.62781
13.88364
15.32939
16.74823
17.45102
20.40975
17.76819
16.16946
16.4117
11.37704
16.73864
16.55296
15.62936
16.20498
18.80101
13.62819
15.43444
18.9782
12.43159
17.8784
14.27707
13.63685
10.39977
15.00069
8.457497
12.54022
10.10757
15.9005
14.09486
19.34453
17.86
18.33209
23.17658
10.90699
20.08504
11.72889
11.43236
19.66106
12.13207
18.66541
15.29359
9.912684
14.81306
19.12273
17.73095
18.93343
14.47448
17.59672
14.02749
17.87862
16.59672
16.16293
10.81657
17.90747
20.83921
14.03451
11.9913
14.49869
15.02617
12.97078
12.29154
17.74927
13.13415
16.56384
16.67265
14.7159
20.38681
17.49571
13.25487
20.46382
16.03813
12.42025
15.52156
10.97859
14.54089
16.988
7.150864
18.30993
16.77013
16.01708
16.62502
13.10096
4.989979
13.99813
12.99272
15.29839
14.51714
14.92689
13.75179
13.1743
10.20768
13.38407
14.45057
16.3396
10.31861
12.59799
15.10407
12.59579
17.75147
13.52383
12.56698
16.72932
20.58782
5.939253
13.29499
12.58129
19.93637
17.89347
17.12677
16.03838
19.41693
11.87321
19.89682
15.77685
13.6269
23.06526
9.076013
15.68197
18.04614
16.54795
15.87836
15.77244
15.70706
10.83171
16.5
15.90562
21.38534
15.67952
13.57667
13.38373
15.7689
16.23777
14.83316
15.28354
14.51746
11.9792
15.7659
11.68799
13.57906
17.33649
15.53713
16.59044
13.18491
12.90383
14.93296
16.54162
18.6612
16.94839
18.32023
16.73364
17.89734
7.778314
18.24346
18.68443
13.79945
14.88715
15.81733
16.83166
16.95339
17.40579
20.46529
10.53523
10.72034
7.812132
12.77806
16.70149
11.76367
18.36862
11.51471
16.79962
18.8196
14.60695
22.24792
15.84571
13.20692
15.39136
12.56983
14.69499
16.4608
14.60633
16.90135
16.97029
15.55165
8.588207
25.09928
20.97234
16.78134
11.98945
14.66909
19.72995
13.78051
16.91885
12.81595
15.8512
11.26917
14.44421
12.37468
10.70605
9.681979
16.28521
17.66737
10.31935
19.73192
16.70173
16.10689
17.53047
14.86232
17.1935
20.17854
15.46373
15.49894
17.65054
19.37765
13.51936
12.29182
17.1007
9.469582
15.50163
15.563
17.36163
18.94547
16.5651
14.89633
19.70108
9.922315
13.54024
13.58345
13.48134
12.55835
15.57949
14.7668
16.96765
14.68551
12.78732
12.95783
15.77064
12.56756
16.68123
19.73143
18.18238
10.63956
12.45504
12.6326
16.03362
18.00728
14.78794
14.12234
18.02901
12.78682
9.256244
14.98772
15.28943
11.64731
12.5512
7.882872
11.04297
10.64801
16.53628
13.90307
19.81934
13.21877
17.29152
15.23754
10.52249
12.60143
12.67955
14.14731
15.72686
14.45264
13.18935
13.37646
13.59545
14.08231
21.65609
22.52844
13.37605
17.41378
21.4135
12.55887
13.84838
18.12723
13.63151
7.066858
14.54403
11.86006
6.759764
15.65399
17.76086
16.51275
13.52027
16.4079
13.1651
17.59096
15.25629
16.41555
12.5961
13.20843
17.90598
16.19403
13.63321
13.82768
17.94723
11.17007
9.219885
18.8537
17.53349
15.97864
10.39294
8.304114
17.55705
9.193067
11.0302
14.95106
20.53649
16.8633
17.77837
16.04643
15.83783
14.71726
13.51861
17.2697
13.18175
10.14915
16.02748
14.29465
10.04661
15.40959
15.12886
18.26593
14.03938
13.56035
13.74526
13.90554
12.75267
8.773525
9.798981
11.88854
13.74717
11.99686
13.44931
15.72907
15.85424
14.23705
12.78413
13.36991
13.74996
12.1355
17.29286
15.36016
14.39819
15.48477
13.5305
15.52205
14.40588
14.46603
8.127199
16.44222
15.19972
18.98083
19.92713
16.30644
15.61745
15.16289
14.31033
18.5094
12.92247
7.941901
13.7313
12.23814
21.59086
15.62821
15.21861
14.01351
13.12526
9.779395
12.95375
13.66715
15.40047
22.2546
14.11976
12.82567
11.93597
13.58016
19.96662
18.7202
11.74555
14.33101
14.26103
8.173336
18.37167
8.751904
18.51518
13.18104
16.11957
11.25124
14.24998
16.07652
17.14691
19.49816
14.06851
21.58406
10.83685
6.977616
11.9909
16.04482
11.6201
15.78016
10.73737
11.4807
11.74216
12.35046
18.38761
14.03347
16.77688
19.56973
15.2307
16.65119
11.31803
12.30572
10.16846
6.070482
10.05866
16.93167
17.22192
13.96291
18.53335
18.88427
16.30263
17.10593
17.4252
9.97102
10.683
18.64702
13.26275
17.13137
16.15543
16.03259
16.43923
19.81208
10.59721
14.91005
20.97822
10.26211
11.80293
5.866068
9.867868
13.66805
15.43102
21.38109
12.24332
9.789005
12.41177
13.99086
13.31836
25.49723
17.73751
16.17984
18.91563
12.82398
10.06928
20.40546
15.79988
13.61161
16.50007
17.52727
18.65141
16.88028
16.49875
17.01228
18.30998
16.37505
16.92995
15.12037
15.02131
16.64292
18.00485
11.83808
11.48011
13.757
15.95823
11.55507
14.89709
13.93173
21.24534
13.1582
16.17722
15.38895
14.52403
20.62069
15.55428
13.51949
12.80998
11.79425
14.49828
17.83054
19.33876
12.45561
15.14142
16.26286
13.38492
11.84374
18.78504
14.47708
18.81766
15.21353
13.57102
16.15792
16.93404
13.77584
17.7923
22.18613
14.26012
7.930485
15.28007
14.2672
16.83009
10.91012
15.67536
16.11721
18.35152
15.37108
16.65631
15.36405
16.15066
15.05009
13.07995
10.6675
23.67893
10.41387
14.57895
14.62331
14.2085
5.203575
13.90496
11.99775
11.97606
14.96807
16.76844
12.77474
19.25065
18.22923
11.72609
15.40677
14.9251
13.61877
15.99952
14.50666
16.66429
17.91457
19.5776
18.56523
14.26598
18.54578
18.98767
17.60014
11.43312
17.14892
18.14794
18.00773
19.89429
10.5725
11.97008
14.32144
19.57858
16.50251
11.04464
15.17387
16.70084
14.47181
17.01135
12.98052
18.87841
12.9079
21.55597
20.80322
16.9796
15.26285
14.7908
15.43143
14.9711
18.32761
11.24218
13.49494
7.167066
13.21631
16.62524
16.35583
16.64907
12.08558
15.1046
15.52853
15.92424
16.21466
13.92204
13.34557
18.17214
8.214784
18.69987
16.26706
20.60728
13.61705
13.7376
14.39646
19.81363
17.29636
11.84152
11.49776
15.87435
18.30202
10.11343
14.89997
16.11644
16.06227
16.43485
17.2231
17.46706
16.05238
16.17259
14.82923
18.6709
9.484099
16.55418
17.77958
8.923906
10.51832
19.54047
15.52928
16.13365
16.07342
13.82568
11.98416
14.81337
12.59147
20.15848
7.755183
18.30573
11.45424
17.93836
8.083851
14.68843
18.63417
13.57904
20.37322
8.138872
13.81751
14.68747
13.46707
17.19337
18.75755
17.51929
8.998608
9.035895
12.36771
15.18193
13.56958
14.37796
17.38349
11.44068
19.27194
13.19589
10.5772
15.34105
9.186028
13.78188
12.69548
12.16096
13.30002
10.95776
17.53972
19.82373
17.3703
12.32246
13.32445
12.24567
20.76685
17.62309
14.25093
14.35245
14.98675
9.7497
15.25141
17.6288
14.95708
11.98418
17.11845
11.03363
16.43933
15.56002
13.85576
14.53717
14.35339
18.61497
11.71943
11.02513
11.46306
15.67588
11.59549
20.75596
11.92563
14.10596
16.23628
11.32486
13.26404
9.105
15.09971
16.12386
18.64052
18.57353
18.9732
11.70852
19.42722
13.7617
18.66454
12.98125
17.78709
17.13215
14.98103
16.10465
19.89261
17.30973
17.44913
18.02791
11.85336
19.45692
16.77924
18.97122
10.9661
16.84955
19.14994
15.27555
8.094118
12.31719
8.501457
16.84012
8.677543
16.0605
19.56748
18.68661
18.13189
20.669
9.394421
17.75877
15.01003
11.13837
12.63571
8.0279
13.56696
10.20476
14.04742
16.81916
12.25824
13.64785
16.8278
16.78343
12.25824
15.36474
8.0711
12.55395
17.58106
17.78458
16.07182
14.12192
16.98159
18.02074
16.15446
15.93798
14.81754
15.87978
14.8758
14.81433
15.68505
10.89526
21.89091
17.09947
13.06085
12.507
15.19436
16.67648
17.65754
14.74897
17.39358
14.70539
16.09804
15.32193
15.45377
11.88179
13.04988
21.63867
18.78298
15.38411
19.57074
17.0737
18.85241
9.645885
14.67486
11.83527
20.86315
10.74112
15.43231
14.56292
15.78666
22.62212
20.84441
19.71658
13.46105
7.929237
14.31116
16.74247
11.74014
13.02936
14.13652
17.1128
9.201194
13.90671
16.12934
18.42376
13.1152
14.05772
17.01493
16.53256
13.98674
14.29826
18.65698
18.44607
13.41368
20.16052
15.87529
13.41713
14.25959
15.46308
14.65351
12.88548
11.43111
17.02243
7.903474
18.44798
15.79874
20.9671
7.405524
11.02206
10.66831
12.90085
16.34666
17.87573
20.03084
15.29521
11.26563
17.15041
17.20021
17.64568
17.15944
15.78878
12.04666
9.207693
15.25382
15.40874
16.05759
16.46611
13.7519
10.14326
15.7844
7.909771
14.39214
10.48066
17.30756
16.30646
13.90703
17.79276
13.22
13.03328
15.78457
20.11029
16.86867
17.31498
18.43068
17.22585
13.53509
11.64935
11.7343
15.33136
11.77057
10.72948
16.03129
16.82045
21.03686
14.54599
12.64502
13.49936
15.29925
13.4191
19.33373
21.26999
8.101114
17.61556
17.38709
15.16694
14.31926
14.33051
14.24579
16.25824
13.36024
13.73557
12.75825
12.71374
13.91305
11.39567
14.88897
17.29931
20.77018
10.59985
19.09316
18.81445
18.65387
14.43344
10.11371
16.901
13.06193
15.00159
17.11924
9.607418
17.80642
14.65493
13.35647
18.46186
15.87982
8.951892
11.32082
26.19297
16.13723
13.99537
14.17417
15.47728
16.97217
22.33153
9.035744
9.498948
14.60073
19.47354
13.92357
22.76879
14.43762
19.10281
14.92945
11.56877
9.63218
12.86999
15.8477
14.57319
14.35405
14.56844
8.946691
19.20836
12.2496
23.01751
13.97719
11.47694
15.61896
12.08504
17.5733
13.72945
9.345776
14.06098
12.6907
11.62245
15.94832
18.86731
13.42525
14.01418
15.9476
13.37123
12.90378
20.37395
14.0991
13.93618
14.66807
9.37869
19.40421
17.4973
18.9736
18.54145
14.08277
15.96331
17.15619
13.0129
11.42936
17.70459
16.30024
16.03459
16.63867
17.23396
17.00427
18.61549
13.58897
18.9147
13.17704
14.17364
16.97634
21.08105
9.423981
16.61663
14.52676
16.51667
16.18823
22.06414
18.48934
13.9127
9.928693
16.22533
17.97794
12.51475
11.34386
17.88565
17.65561
20.38362
13.26508
14.19612
20.68971
21.02452
11.29574
15.5269
15.8235
17.53892
17.71579
7.989937
13.57814
18.51181
12.70003
16.57791
11.96374
17.59819
16.10041
19.897
11.86099
20.94343
14.07543
15.68963
22.40554
14.25507
16.61773
15.04537
18.09919
13.79599
13.34505
13.72947
17.2237
12.93447
15.65321
10.39164
12.87144
7.920647
13.39997
18.40607
17.50054
17.0645
12.45354
13.08785
11.02359
13.23415
14.18641
13.81239
14.29412
11.70408
13.89997
14.59151
19.50624
13.88472
16.2049
23.28663
21.69663
10.72877
17.75272
12.12715
11.50143
6.884129
18.46677
16.37134
16.25806
14.69636
17.07976
12.39176
16.05752
18.07244
17.12124
10.17642
12.91264
15.2999
10.73363
20.3384
13.64152
14.98197
13.74004
19.73055
11.53996
14.14798
11.13311
21.32133
16.85691
17.35268
21.07543
10.54006
10.70172
12.92129
12.76826
13.58017
16.97233
15.42663
14.54391
13.76039
18.73815
13.62911
14.38808
16.03819
11.02441
16.32493
17.20161
18.65751
15.60362
17.56387
11.934
20.34394
22.16494
19.46495
13.05265
13.64268
16.82719
8.788053
9.740247
14.4997
15.06295
18.25797
16.82461
12.99194
22.67734
9.584586
17.0286
8.852781
13.06969
13.99691
9.685118
14.53372
9.735314
8.734152
17.54873
19.14696
8.603296
12.19157
17.03772
11.0262
14.40792
13.77723
17.02916
18.22534
15.54042
15.35024
13.12591
8.910628
16.6599
19.94911
18.19273
11.82971
17.31174
12.71304
15.35389
13.61008
16.19944
16.65918
12.37001
20.89349
17.9814
12.99188
14.02619
14.47306
21.79977
14.62103
12.8122
10.87086
16.88919
13.84108
14.70602
14.86336
12.15834
14.24708
8.254208
20.71382
15.96521
12.47809
16.22954
14.54071
9.509746
12.50072
18.94105
15.90421
10.35119
12.53521
15.58556
17.77458
17.43924
13.44973
17.28611
22.58833
21.02736
17.24702
18.03468
19.29928
12.18863
16.21225
15.12468
20.44057
20.57254
21.18923
15.9643
14.02725
13.37719
15.6967
15.13161
16.42672
15.12243
19.22646
17.08918
16.77095
13.77826
19.06396
10.19187
14.9064
8.619433
14.85683
9.349846
13.74707
17.57187
16.62773
13.93897
16.22224
12.8909
17.53517
16.53372
13.2169
12.81844
12.39784
12.24988
6.311827
15.99698
15.73834
12.99084
15.04966
14.31856
11.7772
20.4193
10.37857
16.91848
14.36181
15.69817
16.51622
14.34857
11.84977
14.46786
12.49435
10.52282
18.22189
22.58083
17.35726
17.2037
18.76813
12.19132
19.23184
15.1082
16.45883
8.040117
16.01145
18.06214
18.69181
14.24215
15.73218
11.71602
14.5298
12.41209
18.0262
17.46738
14.82257
13.71862
15.83683
13.11496
16.40938
13.86656
10.28106
13.22802
14.12035
13.33297
13.08111
12.93461
9.905849
18.35965
18.54528
17.6241
12.3584
14.75612
13.09494
18.8797
8.767589
10.21673
20.14242
9.823194
8.447719
16.71525
10.4843
16.21205
13.85011
14.03839
10.86528
17.72512
8.794426
14.62168
18.69836
10.12878
15.64737
21.81369
17.39251
17.53983
19.35305
12.19243
19.42923
18.25472
21.07375
12.68861
17.71741
18.67306
16.68898
14.04467
19.52986
12.93782
16.49314
19.21748
19.90397
11.31232
19.51241
20.67345
17.61757
13.65397
12.67581
10.64076
18.37952
16.50511
19.82247
13.90277
12.81241
15.77625
18.68033
14.88483
16.37666
17.73146
17.99519
17.3799
18.36977
10.10301
14.91847
16.84376
16.06966
14.27136
13.22769
14.04152
19.51354
16.2114
17.10149
17.07434
22.02755
15.78758
14.85339
15.03804
14.86188
17.47541
14.21083
12.18078
14.58684
15.1258
16.4601
15.84249
10.07968
17.03516
16.31911
12.62286
16.11976
15.95634
9.37593
18.47051
16.89498
8.948988
12.62455
14.14309
13.17379
11.55903
16.46306
16.06897
11.03665
14.89894
15.39259
16.21101
8.951526
14.50855
14.57614
15.86825
16.67284
15.15624
14.12246
13.64978
17.56799
11.52909
15.79701
13.78469
19.47056
14.69389
14.03873
7.873886
16.36126
13.13451
26.51477
14.39713
16.71501
12.20023
13.37958
16.52893
17.3818
15.67552
16.04901
18.4594
13.95981
19.32363
17.44687
11.91114
12.7405
19.66978
11.54385
16.87432
22.81958
13.23493
17.11866
15.4935
13.13124
10.839
7.934282
12.00953
17.23989
11.32517
8.467082
14.93576
16.86744
13.82546
16.4863
11.48093
18.53609
9.185413
21.45877
23.11401
15.25291
13.6332
13.38787
18.19578
21.97849
18.30466
16.27264
10.09355
19.68164
18.32898
16.4752
14.62169
13.49078
15.02798
13.57525
14.87713
11.99165
18.47347
15.46495
17.31378
19.07054
13.91977
9.07994
11.3005
15.49395
19.7803
19.66219
14.12588
17.56471
11.22863
14.1691
16.60376
17.8767
10.59364
15.32163
10.23258
13.21246
11.71222
16.70749
11.66595
14.35622
17.47402
11.23032
12.80951
13.84205
18.88245
16.70672
19.72766
16.43181
14.14193
15.13181
10.46133
16.64799
16.79259
12.23993
10.11264
17.50983
13.80235
19.36135
12.75983
11.34113
19.27237
16.87907
15.38327
19.36356
16.2022
24.29526
17.61302
19.13143
15.11116
17.34056
11.974
11.08884
8.995356
16.31385
14.39188
8.313831
17.21039
13.14898
10.26429
16.94125
13.22707
14.40218
11.83312
16.32189
18.95399
14.37133
9.848711
16.17833
10.06932
23.81625
15.16481
15.39954
10.62986
12.13691
18.85126
11.83008
15.65682
13.94529
13.213
18.45727
15.98407
20.69777
15.59564
14.04534
20.96105
15.59567
14.87203
11.80803
11.82867
16.29578
16.75385
6.695976
10.8961
11.63622
11.29299
11.36918
13.06656
14.81161
12.39591
21.09094
15.6248
16.41944
13.29641
12.94907
14.77824
16.59119
12.17261
13.53406
12.2819
8.23697
15.58909
11.79826
17.25148
14.76171
11.9253
14.28347
16.50513
14.76218
10.91704
15.27212
12.52341
9.831352
17.72974
14.19422
13.29472
18.35785
14.84332
17.02158
11.9397
10.04191
16.06861
13.48838
16.30643
17.92888
19.83524
13.60569
14.1135
13.90275
22.77804
15.3155
19.68149
14.42269
18.46035
18.88579
12.44623
16.17016
13.56487
12.62708
17.88593
10.30757
16.61876
11.53047
16.79624
16.02732
11.58719
15.29708
10.3654
12.02904
14.31724
9.095185
15.69835
13.42461
11.63134
11.84083
15.39761
13.87256
12.36637
17.11515
11.65769
20.25971
10.79097
16.82952
11.07843
17.09675
12.40718
14.73805
23.65165
18.93
17.76352
18.22536
8.513287
13.03706
18.29004
16.21666
14.0493
19.10857
10.03213
17.91239
16.15138
12.58619
16.64753
17.91812
13.33636
12.39274
11.78029
14.28596
15.4185
17.09926
14.36515
12.35287
16.73577
21.49492
19.94597
15.42259
17.53907
16.49893
6.921926
17.27333
16.32906
12.32963
16.83931
14.8072
22.96253
13.58915
14.29812
16.79289
15.49302
14.38071
17.1539
11.95097
15.38851
9.952837
15.55738
15.72916
17.99437
12.01726
17.79115
14.59717
15.65177
19.48556
13.43112
16.22346
16.2376
16.48756
15.25291
15.83833
17.62024
16.65738
12.09231
14.21199
19.53243
18.05411
21.12376
14.0567
12.91288
11.29303
9.786807
13.21203
19.65466
13.59807
11.48626
18.65356
16.96918
13.82538
17.65623
17.06962
14.2706
16.97294
19.01456
15.77498
14.1652
11.22381
12.45447
12.14393
13.47564
18.17217
15.14685
15.90425
15.81174
18.61855
12.97475
11.14092
17.02156
19.08057
10.95698
14.39507
16.59575
12.78198
23.8066
20.31337
12.0845
20.15568
16.38426
13.21902
10.07752
9.544638
10.62678
20.11677
7.254821
11.04394
3.397686
17.22721
17.68049
16.57911
7.454491
15.80445
10.87155
12.5318
16.23383
15.52248
12.67537
15.0445
13.01987
12.82053
13.27898
14.32929
16.53242
18.82948
17.34613
16.79944
14.14278
13.93154
15.6208
17.50685
12.8011
15.77753
11.01859
17.94812
18.67273
13.83369
12.62636
23.06982
13.14166
13.03371
22.08004
18.42565
16.28488
14.13397
16.75712
11.43264
10.52977
13.9773
13.18224
20.83136
14.71059
13.45758
11.90039
21.38166
9.419308
16.50626
12.16965
14.37776
16.91399
18.61568
14.02162
10.60423
13.53669
19.7319
17.3474
17.71344
18.66597
17.99553
12.68761
13.85415
14.16423
18.539
11.82112
10.9738
12.44477
19.74171
23.944
14.63827
18.51783
18.38441
12.70246
15.87636
15.04788
10.5842
17.12458
17.63662
14.88582
12.96528
17.46905
12.96405
16.64245
9.184889
16.0243
11.57518
15.54742
12.61668
18.95753
15.84026
14.19841
17.25261
14.19541
16.17174
13.07013
12.71472
13.64158
16.19672
15.65031
13.2359
12.48179
12.00918
15.10002
15.79586
16.55248
10.83135
18.59524
17.02908
16.16912
10.30285
20.90547
13.81988
15.65357
16.44759
18.29088
18.27811
8.526383
13.8036
17.12733
11.66631
17.33498
20.3471
18.40924
15.16788
9.22703
16.99023
10.25076
18.83617
16.73986
15.65241
14.35384
15.4167
17.05308
15.26631
12.91244
17.6543
16.63607
13.07119
13.12336
17.15147
10.58047
22.70994
8.255485
13.98445
18.10674
10.05882
16.6223
17.41035
13.94619
20.08937
19.15401
16.08358
16.7141
13.17629
14.3743
15.93484
17.64774
13.96084
13.39021
8.784134
13.09155
14.76299
15.52506
13.60572
15.90714
12.57074
18.07569
15.74336
13.75388
17.0128
10.86006
18.32261
17.32447
18.24833
14.79263
13.25063
15.05188
12.4459
20.73952
14.92211
12.94427
12.48905
15.30313
8.620406
17.12233
14.1718
11.88154
14.0643
8.076092
13.2904
20.83322
13.63435
14.9313
19.64242
6.945567
12.51324
14.17365
14.85927
12.68277
14.01563
15.69315
14.09723
12.06957
10.15821
17.43668
13.9045
18.76859
12.85373
17.13936
17.92078
15.7694
14.81493
17.3932
15.10452
13.82247
20.5145
18.99175
16.3138
20.10355
13.61015
13.88786
11.76224
14.27953
17.41006
18.88891
16.90908
9.667561
13.25852
13.83359
16.14567
18.02276
16.82249
16.66811
9.298137
12.83179
15.68006
21.76745
15.66692
13.10459
15.96064
14.43526
13.84277
18.2865
15.73192
17.0105
4.751607
13.51615
18.95546
15.37143
17.48568
11.85724
13.04066
8.705579
17.76658
9.220053
13.05131
16.03666
11.43859
17.32515
12.82401
12.02069
16.78174
18.94356
13.74154
12.7223
11.32557
12.54919
12.09602
12.16965
14.36007
11.72648
13.27549
14.57037
15.37696
7.002762
17.41546
16.75393
12.55039
11.60586
22.6032
12.26905
8.67739
13.59053
16.94516
13.11004
11.70425
16.41644
17.31558
20.88408
24.05216
18.0803
16.18675
14.43611
15.85517
12.34767
18.00953
15.17307
17.13215
13.87045
22.46307
12.68037
13.46014
14.36982
17.85001
16.25207
14.42962
13.30545
15.22267
19.32574
14.19834
19.38743
16.73212
12.69422
15.18015
18.28287
14.01614
11.23589
14.64133
14.01708
21.43342
15.68559
14.93217
11.56209
24.02746
15.1707
15.83738
17.1747
15.33104
18.11214
10.10551
12.36284
13.98594
17.22876
13.76075
11.22186
16.56075
16.13338
20.93088
20.40327
12.8065
13.68837
14.50529
20.01125
20.55632
17.37751
18.14951
15.71028
23.24086
15.9729
11.43947
11.80041
10.82004
13.01589
13.0797
17.75495
15.76733
15.18557
16.23167
14.5807
16.50276
8.696584
15.38997
16.92767
16.28291
13.68093
18.38983
17.1708
17.02498
13.04516
19.05145
14.40313
10.83103
11.8958
11.55541
11.33
6.32161
19.32772
16.2565
16.70549
11.57723
16.61375
15.08055
14.81437
12.89169
11.68113
10.76666
15.05976
14.07999
19.17502
19.79138
16.36288
16.9699
14.87225
14.56196
19.00617
17.27266
15.70722
15.85534
19.19636
13.98853
16.96238
15.36462
16.63098
12.58809
14.48972
18.55338
15.49186
12.27141
13.64241
13.94686
12.23797
13.0563
17.34029
12.29783
12.97957
11.07519
21.3653
16.89625
16.77034
14.25675
14.28699
9.472102
12.90311
16.49209
10.57292
12.69418
15.77549
14.80485
17.31028
15.8301
12.49488
13.37002
15.00659
14.49545
16.03642
22.30509
13.05783
9.68837
18.96671
10.59375
14.18414
14.08879
12.33428
14.59742
15.88609
16.34651
12.369
21.80754
13.49234
17.03296
12.50345
10.62791
15.48863
12.72924
10.23983
18.02349
11.86617
13.06321
11.0989
15.89456
15.41532
19.19187
12.78859
13.95723
17.01918
18.01485
19.72731
12.20371
14.84953
12.60964
12.97553
21.93657
16.62182
14.47586
16.05672
14.65908
8.501518
13.41238
16.5617
15.36911
12.941
16.84984
12.36481
19.91508
8.179647
17.7927
11.4624
16.96773
11.80329
9.117355
9.136312
15.64822
10.04819
12.62984
15.32821
16.25039
13.5404
17.05093
14.69241
18.37162
19.67168
18.34138
13.41866
15.58952
19.63793
17.15969
14.76742
16.03736
14.64161
18.29551
9.432331
14.10082
13.53512
14.6329
17.67327
14.73798
17.5973
15.84708
16.89577
14.38999
13.88335
18.87127
14.30973
6.907825
20.79248
12.65266
19.21618
14.11102
16.61152
15.95658
19.45203
12.13076
21.23732
14.88429
12.58439
9.113809
17.30246
15.69493
15.90054
16.2839
7.070536
16.13202
17.7873
12.24342
9.21934
17.53535
11.50502
13.00953
15.0951
18.90257
16.76348
16.88444
13.52028
13.50661
12.46643
16.29217
13.78419
16.8829
13.01384
14.48387
12.27852
16.54564
16.02025
12.03209
17.74206
11.39302
12.68401
17.11012
16.41168
19.02738
17.97023
17.36395
17.01462
21.19264
17.34745
19.81891
18.86574
16.87099
11.82867
14.41061
16.7636
18.13925
12.44068
10.77586
15.13499
14.66183
14.90255
12.63676
18.06997
13.17643
18.53178
13.8304
10.7965
17.25325
13.68126
15.9722
16.46583
17.50933
12.5286
16.68713
14.37877
14.25369
11.83301
16.82913
14.81771
18.0171
16.01535
16.94653
16.67752
17.99618
13.81087
17.92037
10.29049
17.11216
9.413912
13.34918
18.06599
13.61978
15.67401
15.09918
18.27009
12.74839
18.18386
9.509378
20.11799
14.15831
11.5026
11.93306
16.07733
19.67752
12.55803
12.77533
22.98774
15.81167
16.94534
14.15005
19.39411
3.820574
14.25042
21.4156
18.1598
16.08052
18.41059
15.55619
17.9083
14.09492
17.38864
14.56841
18.16205
15.81835
18.01565
16.98987
6.842769
18.96965
9.502811
12.1968
17.34526
5.695239
14.88976
13.76745
11.02651
11.14172
12.70104
13.38261
14.94469
9.310026
11.73756
13.9788
16.56797
11.67191
18.13952
12.1924
18.85004
18.11852
19.89843
15.90397
14.36486
11.88117
12.56233
17.20659
10.88758
16.99486
16.45544
18.24804
9.876362
14.25078
11.29752
15.68864
8.308009
13.46937
14.95829
19.85772
10.9809
9.676248
16.94605
10.64586
14.17501
11.28615
11.94894
14.20582
15.67026
13.48474
13.52322
13.18957
12.04464
12.84935
13.27041
14.18065
14.2175
23.37308
15.5888
13.99966
16.33791
16.00194
12.93079
17.10305
11.96755
14.8028
13.66871
21.13379
16.14568
9.997124
17.13652
15.33793
14.58976
13.77052
16.47989
12.48827
15.86331
8.576379
19.34318
22.45457
20.50367
11.41083
15.9103
18.9419
18.66409
15.16725
8.506886
13.428
13.92259
16.27247
12.39733
6.605058
15.18803
16.60957
13.43375
16.6354
14.41513
17.07954
15.69686
15.45518
8.580045
19.64965
17.82993
14.04504
17.71914
12.17106
21.10495
18.04596
11.53163
17.64574
12.30874
17.15498
18.23342
18.70635
16.51794
13.98321
15.96776
19.98056
12.24116
13.13432
19.77492
17.6164
17.57374
16.36708
8.064266
12.25406
16.60259
13.04375
11.93189
15.22485
18.09391
15.17288
13.6593
12.65328
13.39853
8.053482
19.30585
13.82085
16.03666
15.01793
14.32934
16.85229
10.64565
19.35642
11.05145
14.51022
17.35383
15.88353
19.39129
19.80869
20.56037
11.90769
12.56679
18.28327
14.91387
14.42134
17.68193
15.96955
16.68596
13.13519
17.84763
16.32904
15.93914
19.79936
19.46564
18.09962
14.91887
15.51802
14.68156
15.25482
15.8064
12.50802
12.94447
17.27703
20.65112
19.37061
15.69413
7.820113
18.02231
17.8194
13.26465
11.64058
15.59775
11.11597
13.46526
19.29589
16.63351
19.21939
19.23357
18.69211
15.90534
17.91337
10.38266
15.29778
14.29547
12.83163
20.20184
17.16872
15.41554
19.26304
18.96578
13.54117
14.69603
18.37724
13.45219
15.61494
19.13045
15.48688
14.33104
12.23045
11.39502
15.90077
15.31011
9.001074
16.22151
14.6629
12.24331
18.47994
11.63404
16.04503
16.55783
10.50389
14.927
14.13627
16.35676
16.04083
15.57192
17.79395
15.7386
13.19209
17.0654
16.10906
17.47168
17.70029
12.12241
15.72451
15.13971
19.16583
13.48692
11.84134
21.59196
12.94565
13.15628
15.21231
15.34357
13.80125
16.53043
12.64085
12.65417
13.7906
17.53605
13.83418
13.05847
16.70724
10.10012
18.84135
16.40884
19.50573
11.08958
14.50932
10.39241
18.49774
17.13659
15.87481
16.51763
18.41125
9.17494
11.80652
16.85593
14.59612
18.8683
15.58573
17.57099
13.54712
12.96006
15.36029
18.0055
18.89587
21.25134
15.6917
20.8432
13.42404
17.31895
18.48995
12.69104
10.99102
10.27205
16.04096
18.86129
12.6291
18.19118
13.09617
13.75639
8.848035
12.48776
14.27401
11.53066
12.97353
11.57082
15.90922
17.89179
14.47044
18.86899
9.136137
19.27068
12.57758
14.20693
13.25466
16.33907
20.84401
22.27267
16.18391
11.23681
9.649833
15.34382
12.70958
14.39013
15.25496
16.45412
16.67402
14.0148
12.32246
13.34245
15.01493
20.50526
6.430834
21.3675
16.40813
15.69966
17.13533
17.91901
15.51816
19.12187
17.77552
20.61419
16.60328
14.57539
16.85356
19.79904
18.24146
18.1321
17.11438
16.60482
18.98076
14.5995
13.95196
14.93843
17.51162
14.57015
15.45082
17.24958
13.71401
15.76635
10.70044
12.16114
15.20236
15.8423
14.96255
18.93561
19.4504
13.9404
9.130319
16.55986
8.278849
10.15835
15.29613
18.70804
20.47709
10.27797
17.7215
17.32054
13.01627
11.25866
19.04472
16.84068
8.17771
16.89936
12.07409
13.54134
18.13123
14.38086
13.84811
16.47562
13.08567
14.15179
18.31421
17.99468
17.87507
19.59845
9.995454
16.41553
9.683483
13.04936
8.781736
15.62611
18.72255
18.75099
17.63692
10.12111
20.45272
15.21473
16.54759
11.89067
11.50668
11.65353
14.14743
18.47796
12.97538
15.02863
19.71577
15.88025
15.20464
11.18133
14.66077
9.538591
16.07869
15.59577
13.61102
10.98618
12.47181
18.58833
12.34603
10.66311
15.85168
18.83622
12.58045
18.42128
16.46206
14.22762
11.64131
13.16074
15.98558
15.68249
6.859421
13.42909
12.93999
22.14509
16.14146
13.16509
14.35316
14.21393
9.62328
16.7776
17.10704
18.4125
15.6264
16.44227
12.81075
18.37854
7.341029
16.61014
16.68288
14.61601
12.04424
13.50141
13.05648
8.509158
22.41696
15.48215
13.31501
14.92748
17.84511
15.18258
13.84974
11.67638
21.08817
10.48672
11.50788
14.83582
12.1803
19.66974
14.07284
16.12482
15.4676
15.43573
16.68329
10.29204
13.97468
21.7777
14.72879
13.61088
17.32488
12.44322
9.857889
11.22003
8.348381
16.34539
12.00262
14.42438
16.52968
15.97866
14.35778
16.2136
21.09225
15.09333
16.40173
14.86517
15.88692
12.51461
10.80328
11.19615
18.79945
15.60559
17.32246
16.28023
10.74598
15.45335
12.88819
16.70498
17.06545
13.94833
17.94183
17.05759
10.38806
14.50179
17.25332
13.59787
17.24481
14.09607
15.70475
14.28561
21.86487
17.49067
15.55151
11.47377
18.24829
3.089468
16.12788
17.47512
12.30315
12.38883
13.15855
14.15211
16.52112
9.3587
17.04858
12.06583
8.817395
18.89044
18.39169
6.253952
18.72587
12.35244
11.97853
20.38453
17.68483
13.98742
13.15372
13.43262
15.83542
14.73462
11.39442
18.79066
14.1705
11.25091
15.17969
13.47802
12.62383
14.78604
17.51454
16.93588
19.36785
16.15184
15.08443
11.32135
12.22271
15.5302
20.57851
19.7266
18.58495
15.25379
16.33448
5.057383
13.74624
10.77971
17.37412
16.20323
13.27324
16.37632
10.85101
12.6986
15.59187
14.05472
16.92508
16.2852
18.14408
11.01518
21.86186
17.81634
19.15517
10.44841
17.86659
12.40616
16.19141
13.61735
14.78414
18.87003
8.030924
11.10755
12.62482
14.93505
19.19418
24.41491
18.78633
21.38487
8.630935
13.24943
9.257603
19.18781
11.88285
14.0393
13.1761
1.245194
14.97898
16.80835
11.02416
12.37551
12.12665
12.38762
11.95402
14.35705
12.5279
18.61352
15.78897
14.93119
10.58796
13.98673
16.16384
18.35181
16.21036
12.55385
18.69242
13.78871
13.27011
17.24476
14.0046
12.60436
20.45077
12.47503
10.634
11.17614
17.36075
14.26572
14.84283
9.880017
14.75517
7.878167
16.00702
13.24829
14.3789
18.8759
16.81086
19.25268
16.28572
4.533544
9.231939
18.31404
18.09124
15.69728
17.7884
20.50332
18.97748
12.7131
17.08008
14.29737
13.6699
18.29624
16.63886
10.29551
15.7292
14.76911
10.67268
18.85743
13.6158
12.92183
16.61416
9.902677
13.801
12.27164
11.58496
14.05477
14.20049
12.67042
15.51654
13.05652
16.23801
13.76145
12.61222
21.5953
20.8079
16.4928
10.91387
22.30598
13.20067
18.82551
12.80584
16.63356
7.49005
9.437083
15.91213
17.20526
13.72417
18.41458
11.35118
12.0334
19.83276
21.96184
11.14502
17.26423
13.96543
18.8129
15.726
16.98159
15.37539
14.72498
12.0092
14.18554
17.37227
8.107109
16.71026
18.01367
12.39582
15.37261
16.8703
10.75035
12.49951
19.10311
13.45572
17.35665
18.92225
16.81193
13.66815
10.10965
13.24415
18.99488
19.5874
13.47591
12.38146
15.54495
12.88369
17.8053
16.23994
14.4025
15.31896
21.9893
15.42016
13.99994
19.55513
16.06372
13.42817
14.47623
16.93421
20.87254
19.75791
9.454603
13.08259
18.49853
17.73419
15.2936
10.33388
14.27035
14.41461
16.65383
10.82471
10.99491
12.13105
17.45621
12.82468
15.09103
16.76905
6.966659
11.65347
12.04897
10.08255
14.53179
11.50863
15.67452
18.08467
15.72322
20.63597
24.10122
10.45028
15.63188
10.10219
14.19638
14.85084
10.86702
16.14479
17.65877
13.39515
15.36425
13.03141
12.61192
14.58341
14.37983
19.07306
12.8801
12.53736
9.069892
14.12235
21.82258
17.44525
11.931
19.07718
21.71535
15.92289
12.29062
6.463373
12.51851
17.73594
16.71032
12.28086
14.35678
14.04082
11.75734
14.7392
13.1197
10.09337
8.752761
10.89289
9.972779
17.59364
19.52345
15.43389
20.80659
14.73966
11.17552
12.8599
16.46948
12.61037
9.183355
12.2315
12.7635
14.9631
11.14246
14.2832
22.41623
9.491279
17.53734
14.97287
14.25949
16.43103
15.33307
13.50811
18.01927
10.20027
13.9634
13.06583
15.46497
13.42697
8.38813
12.91413
13.79801
11.34138
13.90597
14.29621
17.40029
20.35904
13.07604
14.64805
14.17308
13.54713
10.30939
10.71932
11.11158
12.80302
14.576
16.42764
12.80042
16.88843
15.57027
15.35393
9.490903
13.96448
15.42416
14.71418
14.16281
15.00282
10.71142
13.32291
12.43071
15.98145
21.54265
14.77445
10.72655
15.92222
11.86495
10.76091
17.17965
16.03141
15.20849
12.13808
15.35999
16.03948
18.13167
16.39774
14.02633
11.02318
13.61114
15.36254
13.08973
15.84913
14.26534
17.45856
13.43316
16.62604
18.92415
15.06235
16.26107
16.73828
16.98899
13.78898
15.65656
13.10856
13.15318
13.50496
21.05817
11.32826
15.203
11.20027
20.71007
9.234325
11.0235
14.82464
8.284815
16.46334
19.75915
15.14314
18.50497
17.3649
15.37599
17.31154
11.40721
16.79238
12.79671
15.06954
15.4173
14.30464
12.80782
15.21445
19.34008
7.62497
13.81327
13.15993
14.39668
10.06845
12.66618
17.36126
12.10453
19.06222
11.18644
15.01122
21.53551
16.91492
13.19888
13.71246
13.89193
16.59067
11.23573
18.03401
14.73522
15.08991
18.14809
12.72304
14.5689
13.96692
12.30729
13.91638
10.97874
19.81729
19.66083
20.56836
13.21902
15.60581
19.40148
17.022
16.56211
14.65354
18.58521
19.66667
14.86682
12.81629
14.56165
16.27091
8.532694
16.69058
15.46763
11.54383
11.81272
18.43664
6.637727
17.80845
19.79196
11.79389
16.26564
11.25048
8.571993
18.45248
15.14561
12.70111
17.85789
20.91201
12.77397
15.07991
13.902
12.70731
12.08727
15.45816
19.31556
21.30108
10.69742
16.66257
17.87774
10.64005
13.75777
9.883598
10.86895
12.92891
18.78682
14.71502
10.96794
17.04746
16.65884
11.45473
16.62693
12.97113
11.4561
15.12199
14.58243
13.57221
13.13402
13.08612
18.13549
16.42973
14.00818
9.798168
9.899806
13.24361
17.8118
18.55387
13.8715
16.1134
12.09848
15.32795
19.05166
14.65853
19.37651
10.07537
6.932458
10.78953
19.12569
16.148
18.28769
14.06906
18.11372
19.25697
13.87454
14.25747
12.70845
16.85703
14.80165
18.80281
17.97511
13.26563
8.688127
17.9495
19.57805
18.91053
16.49505
18.87536
20.55581
15.70525
15.47018
20.47039
7.45606
20.31611
14.21744
19.46498
14.87635
14.44412
13.02869
8.19666
14.55204
9.668224
16.41986
16.44283
19.16205
21.96285
19.17128
16.43715
20.58989
12.65451
10.5006
13.92639
19.41978
14.89162
12.29259
13.95459
12.26489
12.7697
17.53567
18.34035
16.35703
15.61625
12.72394
18.21071
12.86861
17.59686
20.17556
11.80911
9.721305
14.59598
17.72488
8.718103
14.02166
13.31296
14.65297
15.1461
13.43671
15.73043
17.62628
11.90802
17.7686
14.34396
11.69246
16.46847
12.22268
8.835344
9.566705
12.27228
14.14174
17.6609
11.65228
8.125834
14.03815
20.25895
17.69062
15.46628
13.95846
14.55232
18.38183
13.3846
15.37152
14.80354
18.2113
12.72883
13.21995
20.54045
12.30957
15.54137
10.31615
13.23718
16.78715
12.21533
12.63079
15.31144
16.35205
11.91055
18.88049
15.72933
19.88597
17.29698
12.86675
12.54786
17.53371
17.29431
14.01717
12.80378
19.98733
14.73874
20.08191
14.57522
17.57386
11.30081
10.30888
21.26415
14.24689
14.71972
12.92035
14.20578
15.57538
15.36377
14.7388
10.94176
14.49579
12.12381
12.50587
12.14016
11.79691
14.3018
4.858163
12.67105
17.36458
12.78064
14.01183
15.97319
18.08274
14.67637
15.54669
13.26886
15.21343
16.88436
11.98711
10.63523
16.39115
15.69684
13.56101
15.06015
17.511
16.25992
18.81308
19.82103
16.45097
