0 1.798465e-08
1 3.853854e-07
2 4.046546e-06
3 2.774775e-05
4 0.0001397297
5 0.0005509343
6 0.00177086
7 0.004770481
8 0.01098914
9 0.02197829
10 0.03861899
11 0.06018544
12 0.08382972
13 0.1050175
14 0.1189483
15 0.1223469
16 0.1147002
17 0.09831444
18 0.07724706
19 0.05575728
20 0.03703876
21 0.02267679
22 0.01281092
23 0.006683956
24 0.003222622
25 0.001436369
26 0.0005919101
27 0.0002254896
28 7.938153e-05
29 2.580877e-05
30 7.742632e-06
31 2.14082e-06
32 5.447622e-07
33 1.27347e-07
34 2.728865e-08
35 5.346347e-09
36 9.547048e-10
37 1.54817e-10
38 2.269873e-11
39 2.993239e-12
40 3.527746e-13
41 3.68754e-14
42 3.386516e-15
43 2.700212e-16
44 1.841054e-17
45 1.052031e-18
46 4.900764e-20
47 1.787513e-21
48 4.787981e-23
49 8.375477e-25
50 7.17898e-27
