0 3.059023e-07
1 4.588535e-06
2 3.441401e-05
3 0.0001720701
4 0.0006452627
5 0.001935788
6 0.00483947
7 0.01037029
8 0.0194443
9 0.03240717
10 0.04861075
11 0.06628739
12 0.08285923
13 0.09560681
14 0.1024359
15 0.1024359
16 0.09603362
17 0.08473555
18 0.07061296
19 0.05574707
20 0.04181031
21 0.0298645
22 0.02036216
23 0.01327967
24 0.008299794
25 0.004979876
26 0.002873006
27 0.001596114
28 0.0008550612
29 0.000442273
30 0.0002211365
31 0.0001070015
32 5.015697e-05
33 2.279862e-05
34 1.005822e-05
35 4.310664e-06
36 1.79611e-06
37 7.281527e-07
38 2.874287e-07
39 1.105495e-07
40 4.145606e-08
41 1.516685e-08
42 5.416733e-09
43 1.889558e-09
44 6.441675e-10
45 2.147225e-10
46 7.001821e-11
47 2.234624e-11
48 6.983199e-12
49 2.137714e-12
50 6.413142e-13
