0 2.736278e-06
1 1.08868e-05
2 3.938029e-05
3 0.0001295079
4 0.0003872148
5 0.001052559
6 0.002601235
7 0.005844553
8 0.01193883
9 0.02217229
10 0.03743675
11 0.05746777
12 0.08020274
13 0.1017636
14 0.117391
15 0.1231163
16 0.117391
17 0.1017636
18 0.08020274
19 0.05746777
20 0.03743675
21 0.02217229
22 0.01193883
23 0.005844553
24 0.002601235
25 0.001052559
26 0.0003872148
27 0.0001295079
28 3.938029e-05
29 1.08868e-05
30 2.736278e-06
31 6.252574e-07
32 1.298961e-07
33 2.45342e-08
34 4.212952e-09
35 6.577178e-10
36 9.335365e-11
37 1.204652e-11
38 1.413288e-12
39 1.507434e-13
40 1.461788e-14
41 1.288752e-15
42 1.032982e-16
43 7.527569e-18
44 4.987185e-19
45 3.003964e-20
46 1.645026e-21
47 8.190101e-23
48 3.707186e-24
49 1.525591e-25
50 5.707825e-27
